6.165088111550739436e-01
6.327069564546035085e-01
4.222502651971066001e+00
2.180630590857190132e+00
5.550834930826610281e-01
7.838075967497408758e-01
1.914832623130870326e+00
1.814909748823273716e+00
7.399581873831293510e-01
1.309289051657336778e+00
2.016460417008149708e+00
1.060993630203115101e+00
1.123925010550216319e+00
1.699632006263750883e+00
3.914624358770215640e-01
4.138210147464320698e+00
2.128569268620984278e+00
1.798548802417292869e+00
2.057331975608803099e+00
1.997250815198418294e+00
1.641070490409067384e+00
7.560433582907097882e-01
3.107307099998742217e+00
0.000000000000000000e+00
1.152246866766436950e+00
4.725640899866691003e-01
1.129448794370547349e+00
1.085538810096847051e+00
4.846820489560950129e-01
1.314873441426858358e+00
2.804148624471223816e-01
2.264563549645910889e+00
1.696919953845116513e+00
4.702474364866280343e-01
2.689436289386184065e+00
1.939705965336196103e+00
7.139679376897752894e-01
1.308649260590735372e-02
1.473237802913256900e+00
nan
2.623284173834781186e+00
4.169005622263304289e-01
3.272408263245598636e+00
nan
2.890458821616236129e+00
2.894725277263656138e-01
4.087062674934117901e+00
8.550694378676599872e-01
2.098094213822107257e+00
2.383090978036849439e+00
7.853467645871485825e-01
1.543147144582394104e+00
4.155838172495910143e+00
2.278932014880200363e+00
1.234325500637586615e+00
8.244713544180375386e-01
1.709883499283741948e+00
1.444967161831661073e+00
1.411226885770436645e+00
8.487780512654607978e-01
4.942570621753048954e+00
1.693567812570283104e+00
1.808691625838209971e+00
5.852837797107252049e-01
1.001784034226683939e+00
1.328150865441086292e+00
4.667908199896041666e+00
9.664123786600889998e-01
2.973973530424486089e+00
1.623383642070588939e+00
1.990992846093065038e+00
0.000000000000000000e+00
5.249414854230782801e-01
9.014107574094342157e-01
1.132949876358465779e+00
2.260530356226173598e+00
1.483574606013228214e+00
1.756378165374095746e+00
2.900254511126340695e+00
6.630442315839579770e-02
8.359930692996171420e-01
nan
1.102368779975732682e+00
2.201909532970046435e+00
1.981444468024940453e-01
1.456522683400116869e-01
1.068736246095667308e+00
1.253974723789505197e-01
1.775797771901861166e+00
7.444551822545781850e-01
9.222724308458352116e-02
1.874652349556611641e+00
1.767310105720342639e+00
1.064557653551678751e+00
1.830176559625905641e+00
1.141568061468128059e+00
5.250296331169196362e-01
0.000000000000000000e+00
3.338742452278629091e+00
0.000000000000000000e+00
0.000000000000000000e+00
2.693211551927939595e+00
1.517105245219808163e+00
2.987179276036935782e+00
1.190777410881933562e+00
nan
2.336981445570498028e+00
2.655790907169464532e+00
2.734656341010133218e+00
1.839465690853777646e+00
1.233680901435091348e+00
2.961891145423603877e+00
1.366647078217812616e+00
3.115077325664674657e+00
1.856342217043425613e+00
2.586925375184437659e+00
1.267686321543628925e+00
1.003687359130190915e+00
4.380990065422498247e+00
5.983683761188932637e-01
3.441542158871755408e+00
2.298158241440201088e+00
1.210186252620142788e+00
1.247390512933374440e+00
8.677379066233659177e-01
5.164004337964651636e-01
1.744460932240326390e+00
4.832218419783818497e+00
9.862270091077005030e-02
1.432950603179344862e+00
6.779351915972152698e-01
0.000000000000000000e+00
1.294308069022210184e+00
1.398105597998915650e+00
2.244545958842278033e+00
9.555423872685046005e-01
7.411065906987137630e-01
6.256110201551585981e-02
8.149516052903310603e-01
2.247067606526208294e+00
1.019052000945839032e+00
3.255556883169758581e-02
1.395558015934815321e+00
3.875253200557426059e+00
7.246918262660546617e-01
1.002172937249301787e+00
3.502606878666559176e+00
nan
4.243079520562822893e+00
1.982282806938729713e+00
1.810694655446338563e+00
1.859451801299059737e+00
1.215202396602029500e-01
2.868954065384680785e+00
9.281552867279946328e-01
5.673516595262581008e-01
2.482038335837846166e+00
1.385162005634335003e+00
2.441131145377153810e+00
4.443008311497691487e-01
2.782405086921079018e+00
1.108065577115348921e+00
3.190626206989990443e+00
4.259819406124613295e+00
2.126135113855000536e-01
2.328700176318364345e+00
2.149738524220253577e+00
1.150654791377003106e+00
4.402239595123618177e-01
1.753115340174835168e+00
4.019758751130695917e-01
6.976416717049782612e-01
1.685048148016264236e+00
0.000000000000000000e+00
2.287974207725234965e+00
8.670024964319458238e-01
9.908862816723835731e-01
5.609746992904154350e-01
1.570383451433081667e+00
2.291501041824435259e+00
5.931128064428072832e-01
2.981136956649890202e+00
2.525211611147162305e-01
1.909883139007120478e+00
1.003592635769378960e+00
8.866616407653550302e-01
1.735962845982111924e+00
2.006660343717674877e+00
3.136132303434906454e+00
2.102668802073752730e+00
4.939474435191366197e+00
2.865399221327210366e+00
2.201510420057117390e+00
1.991541546819485919e+00
4.810398632268799268e+00
nan
1.383409037930001473e+00
1.272247215210823956e+00
9.529321489590253380e-01
1.144977268439602902e+00
9.972138039297565593e-01
2.202421256051009024e+00
1.611758798583477592e+00
3.619373930980683274e-01
1.743970578553631245e+00
nan
1.184056724045544629e+00
5.182379197875787158e-01
1.907141267533794537e-01
1.798901749751539825e+00
1.099268812252643501e+00
3.284925059815034132e+00
0.000000000000000000e+00
4.262592563731768536e+00
1.003646380400620375e+00
2.683633022837180082e+00
2.573372428312925009e-01
3.761882211738047044e+00
3.911082379952375288e+00
1.215570027221829941e+00
3.514643360818272999e+00
1.743939446359598078e-01
2.203889176045428666e+00
2.172199277825297870e+00
1.690062867687287307e+00
1.488415155958476621e+00
1.741125440986042827e+00
3.023080174787752816e-01
1.114858799033449754e+00
nan
6.630628920832770667e-01
4.954230985251053987e+00
1.117640788793066831e+00
1.952565835679847206e+00
3.422848674237104927e+00
0.000000000000000000e+00
1.090305264943497443e+00
1.856104220643271518e-01
2.077393614493538099e+00
2.675694555659829943e-01
1.718017434918373443e+00
5.400376348853176411e-01
3.261358288157799823e+00
1.167722575770176130e+00
1.581506511503812940e+00
0.000000000000000000e+00
1.822059414232608976e+00
4.877233889247536425e+00
nan
1.579574374378871271e+00
2.088893112550005426e+00
1.803267658898172865e+00
9.076949432618962588e-01
1.431272264667546201e+00
7.308528358994321739e-01
0.000000000000000000e+00
2.337075235861489020e+00
2.053521057907059078e+00
4.394902853085592698e-01
4.006826247458396217e+00
2.418810204929999319e+00
3.763592237283263087e-01
3.354838880346266539e+00
1.719605452732250406e+00
1.735521783877662205e+00
1.245414082717622106e+00
1.846501937152359663e+00
1.986902218889313065e+00
2.303203169272591833e+00
4.663411120255989140e+00
2.863113122406322653e+00
1.110665579327181129e+00
6.878234498327888691e-01
6.581246148639641191e-01
0.000000000000000000e+00
2.267437489525484740e+00
nan
5.156106680404769493e-01
1.007734896504919320e+00
2.436149217215026752e+00
2.342184718596972692e-01
2.164513270844418802e+00
1.155414537216449711e+00
4.705588736753659185e-01
0.000000000000000000e+00
0.000000000000000000e+00
6.383641148435473811e-01
1.254587299550165680e+00
2.471110611964766779e+00
1.787252020200347236e+00
1.857720197239010274e+00
4.542933456777357826e+00
8.833725441465052342e-01
3.979591025517930647e-01
4.542257776502024447e-01
1.631874794590403299e+00
1.764104855692726348e+00
2.565083560549996089e-01
3.667809278020219277e-01
1.315318771667827846e+00
3.505985876686038782e+00
1.446575827060612607e+00
2.091000992671054437e+00
1.145663998554523388e+00
4.950448795832358417e-01
1.001095450551166444e+00
nan
1.644524875103409833e+00
6.946028986252967830e-01
6.952305257493865964e-01
nan
3.399202791795004064e+00
9.196879382644072010e-01
2.153415001294429754e+00
3.248645421415528922e+00
1.801108166763554452e+00
2.492394248853592842e+00
2.105367419747383728e+00
1.634562071907879721e+00
nan
1.974115222153970173e+00
3.443572648205406317e-01
1.871949169710588778e+00
nan
2.777057722762928726e+00
2.858246430379252079e+00
1.781476735327962357e+00
1.926674806482468139e+00
1.920233365841100825e+00
1.979534996415279302e+00
2.755270115666821340e+00
2.073916074499686069e+00
1.713800552689936030e+00
2.786104958199122628e+00
1.427348923218598964e+00
3.795472363112209369e+00
7.051399696520171956e-01
3.624785169474248558e+00
5.159209349494222607e-01
4.015834095452890828e+00
1.455323977538758751e+00
1.302216455722307487e+00
3.921486638380637935e+00
3.337732724283940522e-01
8.184941081151311248e-01
1.950721300507396727e-01
1.110664514326114238e+00
8.042656545095543397e-01
1.267016288967339532e+00
1.422382429051686881e+00
2.550181761608986797e+00
4.471624885047225662e-01
2.684150377331095516e+00
1.443288594768038502e+00
1.966874006861085933e+00
2.036203198977854179e+00
4.649472163405418135e-01
2.880652436905679181e+00
2.808234534785003511e+00
4.784960603060318007e+00
1.645655219291976445e+00
9.953828505108405222e-01
2.625189339519886644e+00
2.137065658315022709e-01
7.050350494853298011e-01
4.433359896217899943e-01
2.412746129788139626e+00
1.090485756261774686e+00
1.034842144174798584e+00
2.592873857966997875e+00
1.614282006683763981e+00
1.372509299031410723e+00
1.317728886081167783e+00
8.019968719937023982e-01
2.056526753951386066e+00
1.545778146931674701e+00
2.788523402627583803e+00
1.375908547304483198e+00
0.000000000000000000e+00
1.026083006776612239e+00
2.159650567439336477e+00
1.341371733717088954e+00
3.311332429501282482e-01
4.619460779734683720e-01
7.508006013060848360e-01
2.003971778991002317e+00
1.558657798996219812e+00
2.365130844505418661e+00
1.096201406182096827e+00
3.473626458476248846e+00
2.846554994344172584e+00
2.128738854357383747e+00
4.880183789797101768e-01
6.719775547185575792e-01
1.415762495734073534e+00
1.403041313772752374e-01
1.371033574476350214e+00
3.513859468893627991e+00
1.941056262971131430e+00
0.000000000000000000e+00
3.542087114164851780e+00
2.221272734312331298e+00
0.000000000000000000e+00
2.520397130349335324e+00
0.000000000000000000e+00
2.753745422440386115e+00
2.070494029156318305e+00
4.197012013987392542e+00
8.034326036421693962e-01
4.838957974835312870e-01
2.695199021307874698e+00
1.331520726401470567e+00
0.000000000000000000e+00
4.475116440432509890e+00
1.704932282735768800e-01
3.723695993253825498e-01
1.135341014140727411e+00
1.557125987231637865e+00
4.357409289897118398e+00
1.106376552966227722e+00
3.286138209512888819e-01
1.575857742107689141e+00
1.751236859090992137e+00
5.882451813504855354e-01
1.852351498932232721e+00
1.374282100632528536e+00
1.708157424735486374e-01
7.385603663789972462e-01
3.686303863445442364e+00
1.604251517308084019e-01
6.112254184311928240e-01
8.795060762058122261e-01
2.169319525075951383e+00
1.348396731512127911e+00
1.669665743975615957e+00
1.581058057134006933e+00
0.000000000000000000e+00
1.488613969562810002e+00
1.571995302664344951e+00
0.000000000000000000e+00
5.779837214014434954e-01
1.927891946084699715e+00
2.563830694651513920e+00
2.918914408290598783e-01
7.802589908566436305e-01
2.517780347997776502e+00
1.473949940994878194e+00
3.206155776031019311e+00
1.743102934730612841e+00
4.399725582567287629e-01
2.921797159958952950e+00
1.304851204827102595e+00
0.000000000000000000e+00
2.305710453551623740e+00
1.000857615650468269e+00
1.378955215531340595e-01
2.182541336455199321e+00
9.160330126514539817e-01
9.229538274458222169e-01
8.308977367499383870e-01
2.779543160418777692e+00
6.955927418497787063e-01
7.917063950244569714e-02
1.929048769945803210e+00
1.335172683994876763e+00
5.180047477318365345e+00
1.656517554272419535e+00
6.909399869362707891e-01
1.880278807481615022e+00
1.182263125378028912e+00
1.184036146742669104e-01
1.224860633050783187e+00
8.509007624865346786e-01
nan
5.319678241649813399e-01
0.000000000000000000e+00
3.922360578729146563e-01
8.703672575871056472e-01
0.000000000000000000e+00
2.057782280738770009e+00
0.000000000000000000e+00
2.720075261282277612e+00
nan
1.802194710803046274e+00
7.796487180514533044e-01
nan
9.040828736086118367e-01
2.098136430744122372e+00
1.081269805219499336e+00
1.688409130737919650e+00
1.547252732425183686e+00
2.526774652019672107e+00
1.969077636759610117e+00
4.214597217287660014e-01
1.021035016139741680e+00
1.431264497887382969e+00
1.538692072805195155e+00
9.999017300723076485e-01
3.279678743540471064e+00
3.863295494165253086e+00
3.853337599755110254e+00
1.320177077101116536e+00
2.832526116699860541e+00
7.138893577415922342e-01
1.535600245077317183e+00
8.260957894126531587e-01
2.471188006358931766e+00
1.437863210016989413e-01
1.417580504560674637e+00
1.510356068516034211e+00
1.529853688112620125e+00
1.347511673130636467e+00
nan
2.509668994801749431e+00
1.776621173298564171e+00
0.000000000000000000e+00
3.143981425186023748e-01
3.091112982497698614e+00
1.158930004291183424e+00
0.000000000000000000e+00
1.127864899189066294e+00
3.871468919899784034e+00
2.240648909774875630e+00
2.526277126409770091e+00
7.898294536425622958e-01
1.092896175374995282e+00
3.310873593788775882e+00
1.891996838575823237e+00
1.984441518430946516e+00
0.000000000000000000e+00
9.457556186443965007e-01
2.980346148230134773e+00
2.257038952688697808e+00
2.539409079894030530e+00
5.566792050501062628e-01
1.405470394754082308e+00
1.902938023850098137e+00
9.658625171518148145e-01
1.898120734797483111e+00
3.542651421752094354e+00
7.944065895825290768e-01
1.264152446760394399e+00
1.099941171541072293e+00
3.260212013632329819e-01
4.559016218393616149e-02
9.591966623599685882e-01
2.296930173036967560e+00
4.555072049386613919e+00
2.696585745985999427e+00
1.640918325711364645e+00
5.280381592268139634e-01
1.177091037311945865e+00
1.461425722468994604e+00
1.728326142125273357e+00
1.010947428585683205e+00
1.100428695042409588e+00
1.758187468841899692e+00
2.871264980234167208e-01
3.717482175771863240e+00
3.468838231652209725e+00
6.971759466579253717e-01
2.569438266459259879e+00
2.164304534100141009e+00
1.746573182723690110e+00
1.970387466894246487e+00
8.094694348313981047e-01
2.599792315528490771e+00
1.841239269550438262e+00
4.391480894059642814e-01
8.916340169009592254e-01
1.228904994968643027e+00
1.194865815367339268e+00
2.564618492535268857e+00
9.159453619627094811e-01
2.619572581899358710e+00
4.242634407351055792e+00
0.000000000000000000e+00
nan
2.260124163931954477e+00
1.579435594276085153e+00
2.984147653167244396e+00
1.470656582111159683e+00
1.399719628226980150e+00
1.406932315519532350e+00
3.293191087221679414e+00
1.691702174158262073e+00
3.803258657714983837e+00
6.551359659952873393e-01
1.314297314977780795e+00
1.469148691621936287e+00
7.428992387359290017e-01
1.529285468917265467e+00
1.313265492044893845e+00
1.292473546969784781e+00
9.647345223407042258e-01
7.759281839637929279e-01
3.185497111317012742e+00
2.141708643668089884e+00
0.000000000000000000e+00
6.453704740738205881e-02
3.437897585009067392e+00
4.115089599555429523e+00
0.000000000000000000e+00
9.483572126598189822e-01
7.396877586177895703e-01
1.706436491192311777e+00
1.053368652766271341e+00
nan
3.573950361092242289e+00
2.599741340169757997e+00
3.431295154767677769e+00
nan
3.804121484567208444e+00
1.780237899703986049e+00
1.863482733198337460e+00
0.000000000000000000e+00
2.899568016975615503e+00
1.656842803026965294e+00
2.038489584375675179e+00
1.345195550402952911e+00
1.138609923810435909e+00
0.000000000000000000e+00
8.016202616157666050e-01
1.399752337361266585e+00
2.466273620801690658e+00
2.404876645005083802e+00
4.091536009970968557e-01
3.080437290363346570e+00
6.164084652975186929e-01
1.734737203834787245e+00
1.924675177990263997e+00
2.581946160486721542e+00
4.792558184927314113e-01
6.616991197313425443e-01
1.276735796811375945e+00
3.444598731361780963e+00
1.408313144442254750e+00
3.729967701451881723e+00
3.544165162289549253e-01
1.024909214330126828e+00
1.081676022577201968e+00
1.695439447414631040e+00
nan
2.453422451639820867e+00
nan
1.598286643702958032e-01
nan
9.941314084022819797e-01
2.140739064227360711e+00
2.705870302573833985e+00
1.602097958684912005e+00
4.471989464250390789e+00
9.006118816782255898e-01
2.276914609770897435e+00
4.039594038563836698e+00
1.435350662003771760e-01
1.610085371081191874e-01
1.356541587005864358e+00
1.933415602620473406e+00
1.374180736305777417e+00
3.248066296529299457e+00
1.122018901423617487e+00
1.110385104751339114e+00
2.656776175631919479e+00
1.097989279960846387e+00
1.553827110699521397e+00
9.231521031311787917e-01
1.011887678938850899e+00
1.680319536969564931e+00
6.616885121063764696e-02
2.055460836519262369e+00
nan
1.368881946842063657e+00
3.462335820431794886e+00
2.294351015531904903e+00
2.434949250540364485e+00
1.478256489720066957e+00
6.272610839948461470e-01
2.812012437333382131e+00
4.170359414794863717e+00
1.091420605266654409e+00
2.012546290610187416e+00
1.675459468367026972e+00
1.709791308052529990e+00
8.918795935266319308e-01
nan
3.664047689836578581e+00
8.399245212208505951e-01
4.646976738595000045e-01
2.017465603127213569e+00
6.381113742441242298e-01
3.001990235906045745e-01
3.519567650130461356e+00
3.620988641872101010e-01
8.942895443709401038e-01
1.527598494942199681e+00
1.221149902744880222e+00
4.015149810036820754e-02
2.011651845167865993e+00
2.286486430719099516e+00
1.601474115135775866e+00
1.212293380221379113e+00
2.462585030088762839e+00
1.914466033129852640e+00
5.403409226325925907e-01
9.101149093217270059e-01
1.545264402542203097e+00
2.294222147452457783e+00
8.941185883792036604e-01
nan
2.089849297177194032e+00
nan
4.368068058007719578e+00
7.232599899841392066e-01
3.689218931880528518e-01
1.873535806624709865e+00
1.345488600171693250e+00
1.787593375629458636e+00
2.276735219645390718e+00
2.169182800116593146e+00
1.041312916551060841e+00
1.527971707115847178e+00
8.077420397561387855e-01
4.640939211766203165e+00
1.231476779834692753e-02
1.183804843588176503e+00
nan
nan
4.837426479357654352e-01
4.801019263303299978e-01
2.176415041687303376e+00
1.319728561542830025e+00
2.087246820829478988e+00
1.808307855957169696e+00
1.493587016560755876e+00
8.278872595020541070e-01
9.678256739074718729e-01
1.544434840205747284e+00
2.971159725139564056e+00
1.679383115884146793e+00
3.615325065522319026e+00
6.643098717660527175e-01
3.978978649742881846e+00
4.069025635325911772e+00
7.754408707348017238e-01
1.822729544764639886e+00
2.792992942251467436e+00
1.832478469488620032e+00
2.140678229104226449e-01
nan
6.195843755221587257e-01
1.399884297559981672e+00
5.603579868230608163e-01
2.098325417980651864e+00
7.091640653399262639e-01
0.000000000000000000e+00
2.322807328242320501e+00
1.884564750788561227e+00
2.651747114105823755e+00
3.058764457456057961e+00
2.188358101946752399e+00
5.713618487375906607e-01
3.003893529211035585e+00
2.492697124104767514e+00
2.318423431727261619e+00
1.218656648727164615e+00
1.329030575994215813e+00
1.365474247375370043e+00
1.258860395994250592e+00
1.226000016345413446e+00
3.784460868914611975e+00
1.024806530260533588e+00
3.467169116560784303e+00
1.466334209952980583e+00
7.565959005634754764e-01
1.739773022343775510e+00
9.138176311561591048e-01
3.947975150970729069e-02
8.265711251975367269e-01
2.447179841560548075e-01
1.934241942715528406e+00
1.852130285556779776e-01
2.233442207094790355e+00
3.186521545628345997e+00
1.043099223161398026e+00
3.830268089701414524e+00
2.561557684652865596e+00
4.486895985353917204e+00
3.684376310945466582e+00
0.000000000000000000e+00
nan
2.102909213779221798e+00
1.319791747638184631e+00
1.195670584585004859e+00
2.659302308063625553e+00
1.077412584209437751e+00
1.015511859414808926e+00
1.562314064096150812e+00
4.186678745527619983e-01
1.647959740839869403e+00
1.511003864598434943e+00
7.510906846411876669e-01
0.000000000000000000e+00
1.843210675531465892e+00
7.365619062023999186e-01
1.043277398422529423e+00
4.324801823674470747e+00
4.944266125860555250e-02
1.715497790453847982e+00
9.051914935683814667e-01
1.109966534383358239e+00
2.263230801808955750e+00
2.339783711195324578e+00
2.473154349409867780e+00
1.788243788949641866e+00
0.000000000000000000e+00
2.244345488121087140e+00
nan
1.515540152396606777e+00
3.058851077508697447e+00
1.974236547835561462e+00
2.666625414194157440e+00
1.389697314950341323e+00
3.025077531127088326e-01
1.567221159600764580e+00
2.122272507884094939e+00
2.069518648719511411e+00
2.640423742799306250e+00
1.210328453720867170e+00
3.726747195289858983e+00
0.000000000000000000e+00
4.502936295849360171e-01
4.720066054135562794e+00
1.388893629323909140e+00
2.100025311472383471e+00
2.002320641224124120e+00
nan
3.127140374483882379e+00
1.146900996989377308e+00
1.206804220320294885e+00
1.255731514183949793e+00
6.671398545617246434e-01
3.880011880405166202e+00
3.533666767862966740e+00
8.111995760614980622e-01
1.795235245892367271e+00
1.550596647124116378e+00
3.679682585488841084e+00
3.649913010516940837e-01
1.570600544015394284e+00
2.865690709040165984e+00
2.356891056986047506e+00
1.837064491841129632e+00
8.521165454199842726e-01
6.000194200135495759e-01
2.970253435702085554e+00
1.795031923732382406e+00
3.053389772371888911e-01
1.925742658924638029e+00
2.860095658992473755e+00
1.427448768063273921e+00
1.488381299677780767e+00
2.496207997576862070e+00
1.168659748038330060e+00
1.233875888531634546e+00
1.600504595339078184e+00
3.876696279022874059e+00
5.456062455028292124e-01
2.274181623493784610e+00
3.224563016675297877e+00
4.216078362693094217e-01
1.437146786712573121e+00
1.080758664774975841e+00
6.557813108484998876e-01
0.000000000000000000e+00
1.202450456755250530e+00
4.603096932796312823e-01
1.304560122532099742e+00
2.278085219901112790e+00
3.784914739050315169e-01
5.314861053202354357e-01
3.020245851118217750e+00
4.560431264809769458e-01
3.846007161696187171e-01
4.390486889824711247e-01
2.415633324555698014e+00
6.826973692563313989e-01
5.811936363008777251e-01
6.130430061191670665e-01
9.660299347305213447e-01
0.000000000000000000e+00
1.167744649453714700e+00
3.308636805728925268e+00
1.656888435127980674e+00
3.374718670651389862e-01
3.956834906623595050e+00
5.137238569477280414e+00
2.100310170061627346e+00
nan
3.679921777322173182e-01
2.474281468641905235e+00
1.138898638772212646e+00
2.024167180908460928e+00
1.776649602123273830e+00
1.815263254131616932e+00
1.586670017483269080e+00
3.596290530805656971e+00
2.262826146199399258e+00
2.298467228080815605e+00
1.986323571994303094e+00
1.110159420955493470e+00
1.325385246479831913e+00
6.235488331670542284e-01
1.511146103350062608e+00
1.122621493524518455e+00
6.868518632060013340e-01
5.173033528196495645e-01
3.519093658913915235e+00
9.916451020185349519e-01
2.774305087860251540e+00
1.227917047418364493e+00
3.942367588598465034e+00
9.415054646947006445e-01
1.903771723569515961e+00
6.734177155680149962e-01
1.735417126587982972e+00
4.575517981956752633e-01
2.176011040703140498e-01
9.538687451711246046e-02
1.872511448310343996e+00
9.530909180658260205e-01
1.156766525858842876e+00
1.037095659553060267e+00
2.516670648900722451e+00
1.447128249578156223e-01
1.466998331951699486e+00
1.010308851242490258e+00
3.666697054388482258e+00
1.898902898674587059e+00
7.394218192353313457e-01
9.190426873992684209e-01
1.477552328204624121e+00
1.286586950168703558e-01
1.830128068288015664e+00
7.061663050513127260e-01
0.000000000000000000e+00
1.283605397118554814e+00
1.389019669090089337e+00
nan
0.000000000000000000e+00
2.861595882112179190e+00
2.134964242722898309e+00
1.803271779987850820e+00
1.093970875278866828e+00
2.597797871713108275e+00
1.422855348877005710e-01
1.972410719792048406e+00
8.985551493660312028e-01
1.915370362595036902e+00
2.315939448141583590e+00
1.655991656989739935e+00
1.388651169898759585e+00
2.386282151094162085e+00
9.947625373583428576e-01
1.093681535438631114e+00
3.684850270260303096e-01
2.351538505825181868e+00
2.836418453548198659e+00
3.113857869437242964e+00
4.235566421362627842e+00
7.014892386322432172e-01
2.381148051358498385e+00
1.034480627803770814e+00
3.340164986666972258e+00
3.202952522286277581e-01
1.413594520585608860e+00
1.584905040122386977e+00
8.730184756835762672e-02
6.174227990339535843e-01
1.342954088995423012e+00
1.488265843400722099e+00
7.567579130303421220e-01
1.162426045142467501e+00
2.338162755081848454e-01
2.516882835234308224e+00
2.999051879067559323e+00
1.921908401022628166e+00
2.053698224849406007e+00
nan
1.379199990356327010e+00
0.000000000000000000e+00
1.636822721795689217e+00
2.771624185938645346e-02
nan
1.008204742472758708e+00
2.977606565334234734e+00
2.039338967886098253e+00
2.763111920030127067e+00
nan
7.593581986981852161e-01
