mean_SFR mean_SSFR mean_e std_e
9.443688e-01 2.792439e-10 1.950516e-01 1.875634e-01
2.023616e-01 1.799548e-10 2.139226e-01 2.118992e-01
1.014438e-01 6.417875e-11 1.853427e-01 1.932605e-01
7.039132e-01 4.935100e-10 2.506808e-01 2.112687e-01
8.987994e-01 5.773269e-10 2.983935e-01 3.149906e-01
1.842676e-01 1.503332e-10 2.344195e-01 1.900821e-01
1.705188e-01 1.272249e-10 2.146649e-01 1.991050e-01
3.165111e-01 1.682631e-10 1.869577e-01 1.906390e-01
1.130765e-01 6.083924e-11 1.959299e-01 2.423031e-01
2.006097e-01 1.385891e-10 1.791613e-01 1.827571e-01
9.820782e-02 5.372952e-11 1.690171e-01 1.811396e-01
4.767222e-02 4.731475e-11 2.099264e-01 2.029047e-01
8.881590e-02 8.413144e-11 1.972138e-01 1.775872e-01
1.597406e-01 1.005989e-10 1.888446e-01 2.005932e-01
3.838463e-01 4.105310e-10 2.768826e-01 2.654615e-01
9.377372e-01 3.471578e-10 2.261482e-01 2.089639e-01
1.112939e+00 5.609933e-10 2.923152e-01 2.943721e-01
2.722275e+00 5.787806e-10 2.615262e-01 2.230173e-01
1.108290e+00 9.115593e-10 3.031967e-01 2.737413e-01
5.828032e-01 1.633178e-10 1.860968e-01 1.724954e-01
2.610911e-01 2.075095e-10 1.996418e-01 2.172731e-01
2.277757e-01 9.583451e-11 1.696011e-01 1.894841e-01
5.001798e-01 2.937558e-10 2.400423e-01 2.326102e-01
1.067829e+00 3.123398e-10 2.133801e-01 1.967853e-01
6.284726e-01 2.758289e-10 2.261057e-01 2.136593e-01
1.345571e+00 6.037618e-10 2.721356e-01 2.606944e-01
1.247473e-01 1.360715e-10 2.243918e-01 2.342805e-01
7.340522e-01 2.403949e-10 2.367917e-01 2.370028e-01
2.537046e-01 1.041078e-10 1.568686e-01 1.749939e-01
5.385091e-01 2.606563e-10 2.095808e-01 1.959867e-01
5.728348e-01 4.164042e-10 3.318517e-01 3.177593e-01
5.070879e-02 3.657528e-11 2.308441e-01 2.144651e-01
1.575690e-01 8.090797e-11 1.821698e-01 2.218927e-01
1.423944e+00 5.619747e-10 2.363024e-01 2.422929e-01
6.620937e-02 6.018878e-11 2.081473e-01 2.191675e-01
2.239021e-01 1.319880e-10 1.963122e-01 2.198843e-01
5.187583e-01 1.729274e-10 1.950311e-01 2.113754e-01
1.183164e-01 8.251726e-11 2.263875e-01 2.026038e-01
2.593943e-01 1.729264e-10 2.273252e-01 2.121967e-01
2.885752e-01 2.266787e-10 2.583356e-01 2.070124e-01
3.244207e-01 3.606845e-10 2.872295e-01 2.442964e-01
1.003058e-01 5.635043e-11 1.913526e-01 2.167405e-01
5.341984e-01 1.880505e-10 1.863569e-01 1.761623e-01
4.250925e-01 9.106347e-10 3.115943e-01 2.575792e-01
1.766233e+00 5.292111e-10 2.386098e-01 2.307811e-01
1.126361e+00 9.945241e-10 3.609359e-01 3.211172e-01
2.164593e-01 1.659361e-10 2.169407e-01 2.244479e-01
6.901895e-01 2.049272e-10 1.798819e-01 1.769264e-01
2.354072e-01 9.187182e-11 1.668439e-01 1.917132e-01
2.251004e-01 1.766638e-10 2.083918e-01 2.076314e-01
2.089052e-01 1.319788e-10 1.816257e-01 1.832179e-01
4.030402e-01 3.833875e-10 3.085503e-01 2.521344e-01
1.919334e-01 1.465692e-10 2.596217e-01 2.163367e-01
5.927008e-01 2.702403e-10 2.204454e-01 2.231190e-01
4.592612e-01 3.284798e-10 2.131331e-01 2.112291e-01
6.587238e-01 4.504902e-10 2.228699e-01 2.139890e-01
7.570286e-01 5.325431e-10 2.719401e-01 2.838573e-01
6.144588e-01 4.551774e-10 2.560437e-01 2.441193e-01
2.369686e-01 1.950258e-10 2.514661e-01 2.260118e-01
1.176026e-01 4.924229e-11 1.635173e-01 1.799576e-01
2.891066e-01 1.301335e-10 1.948082e-01 2.179070e-01
2.211694e-01 1.283041e-10 1.934050e-01 1.840614e-01
3.129329e-01 1.855550e-10 1.895587e-01 1.908276e-01
4.041025e-01 2.599430e-10 2.261919e-01 2.229532e-01
2.240658e-01 2.216393e-10 2.455073e-01 2.022563e-01
1.134679e-01 7.181999e-11 1.771665e-01 1.989519e-01
1.602057e-01 6.731431e-11 1.639865e-01 1.822736e-01
2.641082e-01 1.773699e-10 1.915076e-01 1.972882e-01
3.115580e-01 2.255140e-10 2.428013e-01 2.054723e-01
1.758327e-01 1.167105e-10 1.909753e-01 2.085872e-01
8.163964e-02 4.285312e-11 1.946484e-01 2.176228e-01
1.371542e-01 1.045650e-10 2.018693e-01 1.870346e-01
2.176786e-01 1.733847e-10 2.220591e-01 2.531308e-01
4.563555e-01 2.317066e-10 2.716086e-01 2.797645e-01
3.614942e-01 2.821613e-10 2.183993e-01 2.108772e-01
2.427299e-01 1.911167e-10 2.297432e-01 2.206025e-01
4.166112e-01 1.688586e-10 1.949589e-01 1.878934e-01
5.775306e-01 1.977266e-10 1.772758e-01 1.654801e-01
1.308801e+00 2.784125e-10 2.000149e-01 1.867415e-01
1.432891e-01 8.421921e-11 1.831249e-01 1.984627e-01
1.903818e-01 1.868225e-10 2.515111e-01 2.004180e-01
2.859159e-01 1.561872e-10 1.604894e-01 1.682837e-01
8.178772e-01 5.847370e-10 2.536144e-01 2.314726e-01
5.300944e-01 1.783082e-10 1.740757e-01 1.649296e-01
6.142142e-01 2.714016e-10 2.126748e-01 2.055145e-01
3.078660e-01 1.795798e-10 1.930279e-01 2.046631e-01
3.069536e-01 2.023690e-10 2.079198e-01 1.826354e-01
1.694985e+00 3.199598e-10 2.140956e-01 1.821765e-01
3.077258e-01 2.264876e-10 2.054491e-01 2.176782e-01
1.861277e-01 2.363887e-10 2.795959e-01 2.729922e-01
2.212160e-01 2.062636e-10 2.263839e-01 2.257926e-01
2.862146e-01 1.823753e-10 2.565698e-01 2.622130e-01
3.508810e-01 1.314256e-10 1.778951e-01 1.907683e-01
2.743881e-01 1.491732e-10 1.861256e-01 1.929534e-01
6.399542e-01 4.513780e-10 2.557441e-01 2.543832e-01
1.891100e-01 1.343701e-10 1.900395e-01 2.122131e-01
1.206137e+00 3.837161e-10 2.223368e-01 1.950768e-01
1.591554e-01 1.305384e-10 2.606961e-01 2.272720e-01
9.431350e-01 4.151990e-10 2.266466e-01 2.006040e-01
1.138891e+00 3.923450e-10 2.040078e-01 1.872964e-01
1.475989e-01 7.520987e-11 2.208779e-01 2.196592e-01
1.079565e+00 3.558624e-10 2.382727e-01 2.340406e-01
1.825197e-01 2.671192e-10 2.856960e-01 3.003275e-01
4.840842e-01 3.609932e-10 2.136686e-01 2.038435e-01
1.592541e-01 1.316719e-10 2.363772e-01 1.911104e-01
3.570601e-01 1.572381e-10 1.786578e-01 1.950317e-01
1.155076e+00 3.270988e-10 2.050345e-01 1.814789e-01
3.323890e-01 2.470774e-10 1.966287e-01 2.045880e-01
7.059746e-01 2.543836e-10 1.742366e-01 1.666904e-01
3.145179e-01 1.530635e-10 1.656151e-01 1.653222e-01
1.741087e-01 1.600172e-10 2.096704e-01 2.033738e-01
4.033916e-01 5.348191e-10 3.219111e-01 2.944435e-01
9.244957e-01 4.157488e-10 2.321454e-01 2.055760e-01
3.390918e-01 1.637957e-10 1.730749e-01 1.773636e-01
5.209790e-01 2.535857e-10 2.031544e-01 1.973828e-01
4.563556e-01 2.896055e-10 2.313288e-01 2.237485e-01
2.551328e-01 2.113121e-10 2.419361e-01 2.101536e-01
7.126475e-01 2.699238e-10 2.011804e-01 1.761080e-01
4.109984e-01 1.723574e-10 2.665751e-01 2.761273e-01
4.354026e-01 1.232453e-10 1.978016e-01 2.046463e-01
5.754331e-01 5.731003e-10 3.402923e-01 3.215725e-01
3.008144e-01 1.875475e-10 2.166173e-01 2.252349e-01
7.093379e-01 6.344081e-10 2.919885e-01 2.715107e-01
3.242565e-01 3.028723e-10 2.470050e-01 2.447552e-01
2.220799e-01 1.218625e-10 1.732087e-01 1.731824e-01
1.135703e-01 6.211920e-11 2.137402e-01 1.994168e-01
1.568740e-01 1.379331e-10 2.066190e-01 2.165618e-01
4.193597e-01 2.371403e-10 2.500568e-01 2.485864e-01
1.637907e-01 1.472183e-10 2.115285e-01 2.065212e-01
1.471581e-01 7.910286e-11 1.655483e-01 1.832606e-01
5.712805e-01 2.660068e-10 1.938499e-01 1.871882e-01
3.065220e-01 1.547724e-10 1.660430e-01 1.862411e-01
4.496762e-01 2.388886e-10 2.025084e-01 1.834803e-01
1.195465e-01 6.164780e-11 1.831177e-01 1.985179e-01
2.599887e-01 2.034349e-10 2.290987e-01 2.169905e-01
1.126578e-01 8.435330e-11 2.012692e-01 2.122211e-01
1.943524e-01 1.425495e-10 1.993623e-01 1.903352e-01
4.544760e-01 2.337768e-10 1.856694e-01 1.664690e-01
1.107483e+00 7.362401e-10 2.962490e-01 2.906364e-01
7.417670e-01 1.781541e-10 1.914426e-01 1.815277e-01
1.925718e+00 1.173640e-09 3.407552e-01 3.535176e-01
4.595546e-01 2.867843e-10 1.925049e-01 1.860543e-01
2.994889e-01 1.273730e-10 1.692487e-01 1.852127e-01
4.980764e-01 3.050241e-10 2.492631e-01 2.396618e-01
1.304001e-01 8.614124e-11 2.150452e-01 2.340201e-01
6.790070e-01 6.262750e-10 4.571969e-01 4.116116e-01
3.730424e-01 2.320249e-10 2.012000e-01 1.924621e-01
1.359836e+00 2.412606e-10 1.923096e-01 1.793643e-01
9.386356e-01 6.029396e-10 3.110677e-01 3.194370e-01
1.448691e-01 1.386789e-10 2.057838e-01 1.815606e-01
9.293236e-01 3.276663e-10 2.010661e-01 1.952261e-01
2.730817e-01 1.618049e-10 2.190232e-01 2.046297e-01
4.332447e-01 2.041154e-10 1.824921e-01 1.670195e-01
2.970690e-01 2.133467e-10 2.634118e-01 2.763095e-01
5.975443e-01 4.005432e-10 2.421682e-01 1.988314e-01
3.191154e-01 2.239482e-10 1.746208e-01 1.650981e-01
1.987761e-01 1.388384e-10 2.413486e-01 2.108169e-01
1.559531e-01 1.245535e-10 2.110233e-01 1.877302e-01
5.526842e-01 2.662526e-10 1.914149e-01 1.742656e-01
5.581630e-01 2.308884e-10 1.912852e-01 1.735406e-01
1.748918e+00 4.732145e-10 2.347130e-01 2.070882e-01
4.314483e-01 2.820628e-10 1.996155e-01 1.949834e-01
1.780556e-01 1.218036e-10 2.022418e-01 2.190269e-01
3.721921e-01 1.701604e-10 1.784860e-01 1.778720e-01
1.731915e-01 1.113203e-10 1.829895e-01 1.867900e-01
3.695172e-01 2.052553e-10 1.754564e-01 1.635463e-01
1.898549e-01 1.431287e-10 1.927347e-01 2.160282e-01
5.213830e-01 1.611642e-10 1.844004e-01 1.911719e-01
1.883333e+00 5.042529e-10 2.945966e-01 2.666293e-01
2.228941e-01 2.120518e-10 2.472786e-01 2.100554e-01
2.514928e+00 6.318548e-10 2.488427e-01 2.272990e-01
1.104966e+00 1.991880e-10 2.076286e-01 1.894862e-01
2.737375e-01 2.226358e-10 2.707940e-01 2.451067e-01
1.910833e-01 2.012395e-10 2.193087e-01 2.225720e-01
1.727696e-01 8.496654e-11 1.677986e-01 1.871179e-01
3.085384e-01 1.706840e-10 1.931459e-01 2.147957e-01
2.583638e-01 1.345123e-10 1.849057e-01 1.940998e-01
2.005948e-01 1.527744e-10 1.817387e-01 1.758469e-01
4.674593e-01 4.004871e-10 2.439256e-01 2.420042e-01
1.534054e-01 9.500144e-11 1.759747e-01 1.861684e-01
3.401154e-01 1.324095e-10 2.035750e-01 2.121460e-01
1.459247e-01 7.016374e-11 1.689788e-01 1.747513e-01
3.556908e-01 3.116610e-10 2.372315e-01 2.217169e-01
2.183415e-01 2.593000e-10 3.347097e-01 2.617327e-01
2.005248e-01 1.936297e-10 2.763235e-01 2.409229e-01
1.186504e-01 1.080566e-10 2.378840e-01 2.251953e-01
2.547139e+00 4.719385e-10 2.258092e-01 2.243280e-01
5.496741e-01 3.106138e-10 2.213130e-01 1.987119e-01
4.029540e-01 3.569747e-10 2.891560e-01 2.950288e-01
6.513541e-01 4.215717e-10 2.460445e-01 2.269608e-01
2.014577e-01 1.113350e-10 1.743875e-01 2.029679e-01
2.377887e-01 1.457138e-10 1.641028e-01 1.732876e-01
7.325482e-01 6.436675e-10 3.421511e-01 3.154151e-01
1.031751e-01 1.557235e-10 2.632050e-01 2.549789e-01
9.169862e-02 4.765048e-11 1.654706e-01 1.779302e-01
8.618217e-02 8.115428e-11 2.093500e-01 2.201164e-01
3.055280e-01 2.021375e-10 2.155651e-01 2.081529e-01
2.729159e-01 2.012566e-10 1.938353e-01 1.916930e-01
5.057040e-01 2.594233e-10 2.209767e-01 2.057756e-01
3.193015e-01 1.901313e-10 1.885705e-01 1.782458e-01
1.951289e-01 1.719928e-10 2.270508e-01 2.340433e-01
2.219850e+00 5.693149e-10 2.434003e-01 2.009439e-01
3.634506e-01 2.928943e-10 2.154202e-01 1.909861e-01
1.327098e-01 7.401698e-11 1.754672e-01 1.964396e-01
1.618337e+00 5.164287e-10 2.186986e-01 1.889935e-01
4.550289e-01 3.268286e-10 2.259472e-01 2.113446e-01
1.172412e-01 1.053539e-10 2.120801e-01 1.889700e-01
4.172143e-01 4.372827e-10 2.632012e-01 2.334693e-01
2.457678e-01 3.094938e-10 2.821285e-01 2.490730e-01
2.011473e-01 1.375520e-10 1.756554e-01 1.841134e-01
3.174461e-01 1.852084e-10 1.859609e-01 1.891501e-01
3.376876e-01 1.973364e-10 1.921557e-01 2.014376e-01
1.379067e-01 1.134965e-10 1.940262e-01 1.820133e-01
5.891899e-01 1.986629e-10 1.592511e-01 1.500665e-01
6.777922e-01 3.045245e-10 2.243878e-01 1.950766e-01
1.774857e-01 1.096469e-10 1.767934e-01 1.893628e-01
2.528456e-01 1.062065e-10 1.654026e-01 1.829556e-01
2.118745e-01 1.086679e-10 1.649122e-01 1.846376e-01
8.774212e-01 7.556994e-10 2.898070e-01 2.963217e-01
1.722943e-01 5.795491e-11 1.680779e-01 1.921127e-01
8.496929e-02 6.763542e-11 1.835310e-01 1.931246e-01
3.416061e-01 1.767759e-10 1.917598e-01 1.877063e-01
1.108534e+00 3.347871e-10 2.130020e-01 1.825117e-01
2.829510e-01 1.775014e-10 1.692923e-01 1.733272e-01
2.160503e-01 2.753679e-10 2.620175e-01 2.454636e-01
6.200908e-01 5.292717e-10 2.769679e-01 2.389209e-01
3.800034e-01 2.490806e-10 2.253270e-01 2.183675e-01
3.904128e-01 2.379548e-10 1.880080e-01 1.787098e-01
1.960271e+00 4.177801e-10 2.090081e-01 1.869872e-01
3.555370e-01 3.083870e-10 2.137521e-01 2.052339e-01
3.425208e-01 2.144433e-10 1.747217e-01 1.673115e-01
2.160486e-01 1.323826e-10 1.988717e-01 2.230378e-01
4.094332e-01 2.333923e-10 2.108073e-01 1.953921e-01
1.421029e+00 6.720374e-10 3.031515e-01 2.726394e-01
6.747553e-02 4.816141e-11 1.975393e-01 2.302939e-01
1.920791e-01 8.488844e-11 1.565881e-01 1.689406e-01
2.930524e-01 1.521252e-10 1.786788e-01 1.754467e-01
1.306397e-01 1.020079e-10 1.966677e-01 2.027575e-01
2.603113e-01 1.464323e-10 2.114264e-01 2.251841e-01
1.158818e-01 1.130659e-10 2.083514e-01 1.874296e-01
2.400685e-01 2.925785e-10 2.891974e-01 3.134106e-01
3.535348e-01 2.029893e-10 1.760753e-01 1.754854e-01
2.085232e+00 1.101162e-09 3.327195e-01 3.265443e-01
3.317249e-01 1.766712e-10 2.000816e-01 1.926998e-01
2.256306e-01 1.657428e-10 2.515989e-01 1.953799e-01
2.022663e-01 1.354702e-10 1.895575e-01 2.123283e-01
4.199795e-01 1.680472e-10 1.747522e-01 1.662193e-01
2.864319e-01 2.197175e-10 2.072146e-01 1.987147e-01
1.673258e-01 2.444334e-10 2.507931e-01 2.017832e-01
4.233251e-01 2.673508e-10 2.051004e-01 1.817162e-01
1.634025e+00 5.327235e-10 2.376808e-01 2.190322e-01
1.696841e+00 6.560026e-10 2.347111e-01 2.328150e-01
3.285637e-01 2.284381e-10 1.900574e-01 1.958083e-01
6.015146e-01 2.358053e-10 2.220801e-01 2.355195e-01
1.303240e-01 1.273236e-10 2.416048e-01 2.716657e-01
1.805866e-01 9.185454e-11 1.728952e-01 1.883105e-01
1.688247e-01 1.566331e-10 2.114783e-01 2.132193e-01
4.850294e-02 2.931298e-11 2.093403e-01 2.147825e-01
3.168640e-01 1.759501e-10 1.690753e-01 1.766891e-01
2.256967e-01 1.238691e-10 1.707189e-01 1.853458e-01
1.114479e-01 5.249863e-11 1.661677e-01 1.813733e-01
3.316343e-01 1.542518e-10 1.755894e-01 1.779621e-01
2.840410e-01 1.382530e-10 1.809395e-01 1.925788e-01
4.860243e-01 3.115916e-10 2.652594e-01 2.418907e-01
1.106609e-01 6.646678e-11 1.695915e-01 1.686918e-01
2.759706e-01 1.898944e-10 2.192302e-01 1.864218e-01
2.425719e-01 3.784213e-10 3.853459e-01 3.490562e-01
2.375259e-01 1.181223e-10 1.678593e-01 1.788470e-01
1.371805e-01 1.040438e-10 1.900401e-01 1.989208e-01
4.181098e-01 1.770281e-10 1.868110e-01 1.853094e-01
1.290913e-01 8.677037e-11 1.777584e-01 1.728064e-01
7.104845e-02 8.065456e-11 2.436138e-01 1.884513e-01
3.690996e-01 2.020191e-10 1.776768e-01 1.820615e-01
1.571441e-01 1.443335e-10 2.543241e-01 2.132611e-01
2.870642e-01 3.047534e-10 2.195296e-01 1.831329e-01
3.640342e-01 4.278268e-10 2.894377e-01 2.764426e-01
4.002688e-01 3.018162e-10 2.704387e-01 2.351831e-01
8.637873e-02 6.494608e-11 1.864377e-01 2.041716e-01
9.813847e-02 9.217002e-11 2.139531e-01 1.954630e-01
1.006007e+00 2.609918e-10 1.928847e-01 1.763855e-01
7.207447e-02 5.007803e-11 1.952174e-01 2.083240e-01
1.930898e-01 1.906852e-10 2.385576e-01 2.404944e-01
1.993334e-01 9.344520e-11 1.596262e-01 1.756891e-01
1.511472e-01 1.167910e-10 2.210687e-01 2.108802e-01
1.798031e-01 1.259547e-10 2.116577e-01 1.860664e-01
4.388942e-01 2.710376e-10 2.041041e-01 1.984987e-01
1.681549e-01 1.126883e-10 1.757624e-01 1.841725e-01
5.308337e-01 1.978916e-10 2.234424e-01 2.309840e-01
1.934380e-01 1.090237e-10 1.856011e-01 2.131983e-01
2.743052e-01 1.316297e-10 1.610652e-01 1.568477e-01
3.480685e-01 1.912462e-10 1.951356e-01 1.761600e-01
3.109883e-01 1.104454e-10 1.771890e-01 1.870501e-01
3.158817e-01 1.621440e-10 1.990606e-01 2.032481e-01
1.231010e+00 9.107417e-10 3.770966e-01 3.654690e-01
1.194280e+00 4.973364e-10 2.358485e-01 1.935361e-01
2.607558e-01 1.922881e-10 2.208956e-01 2.227724e-01
1.180646e+00 6.301091e-10 2.990881e-01 2.580465e-01
5.442391e-02 5.304040e-11 2.114021e-01 2.072079e-01
4.487694e-01 5.044576e-10 2.583638e-01 2.572426e-01
3.133789e-01 2.775753e-10 2.944679e-01 3.210909e-01
3.026987e-01 1.936893e-10 1.988319e-01 1.976362e-01
3.351007e-01 2.444505e-10 2.338231e-01 2.571724e-01
4.598780e-01 1.476626e-10 1.936838e-01 1.899166e-01
1.055702e-01 6.046678e-11 1.957978e-01 2.032555e-01
1.629290e-01 1.620636e-10 2.421365e-01 2.307535e-01
4.157798e-01 1.702934e-10 2.008397e-01 2.121033e-01
3.558560e-01 2.452517e-10 2.476373e-01 2.540410e-01
2.228676e-01 1.315665e-10 1.738435e-01 1.642086e-01
3.254315e-01 1.357576e-10 1.804242e-01 1.859874e-01
3.242759e-01 1.686656e-10 1.631382e-01 1.610996e-01
1.176620e-01 1.071205e-10 1.843042e-01 1.838040e-01
2.767077e-01 1.470209e-10 1.836450e-01 1.969622e-01
1.424250e+00 4.042038e-10 2.205055e-01 1.833137e-01
4.265571e-01 2.939362e-10 2.140106e-01 2.051969e-01
3.611614e+00 1.461860e-09 2.672566e-01 2.244126e-01
6.537746e-01 2.820793e-10 2.336193e-01 2.319870e-01
1.546598e+00 4.452033e-10 2.251506e-01 2.061868e-01
7.974769e-01 4.370991e-10 3.137675e-01 3.187064e-01
2.385184e+00 1.298122e-09 2.930644e-01 2.761152e-01
1.601199e+00 2.841293e-10 2.227649e-01 2.008510e-01
4.701638e-01 2.245251e-10 2.005243e-01 1.951794e-01
1.324452e-01 5.752844e-11 1.700790e-01 2.114236e-01
2.080870e-01 9.709478e-11 1.750352e-01 1.969068e-01
5.140568e-01 2.287217e-10 1.929773e-01 1.904487e-01
1.653006e-01 9.516896e-11 2.313750e-01 2.115932e-01
6.449705e-01 3.439243e-10 2.123944e-01 2.011910e-01
8.703550e-02 9.670625e-11 2.027618e-01 1.885234e-01
3.012985e-01 2.013481e-10 1.958333e-01 2.083383e-01
3.517654e-01 1.221825e-10 1.889896e-01 2.160719e-01
1.216850e-01 7.444814e-11 1.979391e-01 2.349228e-01
6.554772e-01 5.834936e-10 2.839340e-01 2.696271e-01
7.837029e-01 2.048459e-10 2.009605e-01 1.797056e-01
2.016139e-01 2.597325e-10 2.654706e-01 2.418148e-01
2.722881e-01 1.339407e-10 1.725924e-01 1.755908e-01
1.402031e+00 2.744709e-10 2.239388e-01 2.073475e-01
6.417664e-01 3.207220e-10 2.381237e-01 2.332924e-01
1.869121e-01 2.046869e-10 2.984467e-01 2.243446e-01
3.842651e-01 2.015191e-10 1.970412e-01 1.971059e-01
3.097590e-01 2.494702e-10 2.064998e-01 2.129686e-01
3.164527e-01 1.376824e-10 1.776479e-01 1.952606e-01
5.238897e-01 2.115973e-10 2.027408e-01 2.024617e-01
1.421728e-01 1.012107e-10 2.269154e-01 2.065319e-01
6.714284e-01 2.962218e-10 2.201220e-01 2.095890e-01
2.954082e-01 1.871436e-10 1.908017e-01 2.010709e-01
2.145206e-01 1.679812e-10 2.260634e-01 2.177153e-01
1.162018e-01 7.280612e-11 1.947229e-01 1.929202e-01
6.578261e-01 2.961430e-10 1.817576e-01 1.745929e-01
1.691680e-01 1.586595e-10 2.082166e-01 1.895053e-01
5.162171e-01 1.945517e-10 1.973267e-01 1.761228e-01
2.740512e-01 1.202803e-10 1.735284e-01 1.882550e-01
5.377383e-01 2.645545e-10 2.249556e-01 2.390837e-01
5.374171e-01 2.023058e-10 1.856322e-01 1.796568e-01
7.468178e-01 3.178593e-10 2.207547e-01 2.142626e-01
9.418944e-02 5.335079e-11 1.675730e-01 1.827641e-01
8.547309e-01 2.283159e-10 1.879037e-01 1.655015e-01
6.002525e-01 2.428493e-10 2.300202e-01 2.239638e-01
5.107839e-01 2.720372e-10 1.903607e-01 1.884272e-01
2.670290e-01 1.439856e-10 1.807720e-01 1.822633e-01
3.287477e-01 1.461624e-10 1.642185e-01 1.679802e-01
3.129285e-01 9.576107e-11 1.701532e-01 1.877417e-01
8.303296e-01 2.318336e-10 1.856478e-01 1.787935e-01
1.100164e+00 5.052206e-10 2.302582e-01 2.085860e-01
3.928809e-01 3.072313e-10 2.765804e-01 2.868483e-01
2.690119e-01 1.491345e-10 1.941634e-01 2.093143e-01
6.363162e-01 2.505413e-10 2.061901e-01 1.992016e-01
1.032791e-01 7.422331e-11 1.812142e-01 1.810660e-01
2.929044e-01 2.226033e-10 2.443960e-01 2.329402e-01
4.716152e-01 1.618679e-10 1.731015e-01 1.673105e-01
4.529354e-01 2.898206e-10 2.139919e-01 1.991768e-01
1.145357e+00 7.050714e-10 2.317066e-01 2.282218e-01
7.021521e-01 3.406015e-10 2.082769e-01 1.850100e-01
8.694140e-01 3.708460e-10 2.338854e-01 1.959506e-01
1.872697e-01 2.496535e-10 2.608878e-01 2.346508e-01
4.470452e-01 1.435889e-10 1.717935e-01 1.866172e-01
3.759675e-01 2.962187e-10 2.382834e-01 2.414040e-01
1.518924e+00 4.923328e-10 2.561279e-01 2.410689e-01
2.025751e-01 1.182329e-10 1.854009e-01 2.006255e-01
2.016070e-01 1.432362e-10 2.456416e-01 2.011645e-01
4.103017e-01 1.983455e-10 1.912495e-01 1.782229e-01
1.313990e-01 1.141753e-10 2.121578e-01 2.062080e-01
2.836672e-01 2.138555e-10 2.106389e-01 1.903587e-01
3.759397e-01 4.912478e-10 3.243825e-01 3.137270e-01
2.075684e-01 1.575820e-10 1.925239e-01 1.963996e-01
5.201817e-01 3.502002e-10 2.870900e-01 3.054781e-01
1.343720e-01 1.246422e-10 2.660140e-01 2.046874e-01
3.054664e-01 2.356883e-10 2.999476e-01 2.789155e-01
7.883888e-02 8.493337e-11 2.268357e-01 2.229212e-01
9.344245e-02 6.972917e-11 1.847638e-01 1.821151e-01
1.982815e-01 3.284202e-10 3.598345e-01 2.877746e-01
3.360659e-01 1.537489e-10 1.752974e-01 1.922725e-01
1.235868e-01 5.319505e-11 1.969359e-01 1.933713e-01
4.554935e-01 2.355197e-10 2.007122e-01 1.908185e-01
1.923058e-01 1.074385e-10 1.876113e-01 2.131265e-01
6.203764e-02 2.874025e-11 1.678111e-01 1.702951e-01
1.289232e+00 4.653224e-10 2.353049e-01 2.166864e-01
1.440517e-01 8.773414e-11 1.816676e-01 1.851763e-01
1.673982e-01 8.076835e-11 1.524795e-01 1.619554e-01
1.515779e-01 1.518104e-10 2.589580e-01 2.539738e-01
1.425516e+00 6.832383e-10 2.397592e-01 2.152332e-01
1.759601e-01 7.841295e-11 1.647960e-01 1.795593e-01
5.476310e-01 2.967785e-10 2.189473e-01 2.018221e-01
4.331073e-01 1.954017e-10 1.886952e-01 1.910639e-01
5.059855e-01 3.269718e-10 2.429197e-01 2.491278e-01
6.535430e-01 1.842588e-10 1.947436e-01 1.823845e-01
1.280037e-01 1.003329e-10 2.050181e-01 1.993836e-01
3.328329e-01 1.174615e-10 1.615257e-01 1.625166e-01
1.930271e-01 1.327540e-10 1.871415e-01 1.930034e-01
2.372326e-01 1.603319e-10 2.017097e-01 2.141844e-01
1.473808e+00 3.732454e-10 2.074342e-01 1.791167e-01
4.259126e-01 2.948703e-10 2.092908e-01 2.000260e-01
7.357961e-02 5.618493e-11 2.380394e-01 2.728637e-01
1.589686e-01 1.153345e-10 1.840092e-01 1.823296e-01
1.511463e-01 1.132052e-10 2.563104e-01 2.489197e-01
3.360895e-01 2.621186e-10 2.392814e-01 2.644727e-01
3.863881e-01 2.568280e-10 2.004058e-01 1.856840e-01
1.679633e-01 1.076267e-10 1.719718e-01 1.806859e-01
1.550540e+00 5.619884e-10 2.211495e-01 1.998102e-01
3.172919e-01 1.884174e-10 1.874309e-01 1.950855e-01
7.193705e-01 2.001275e-10 1.818516e-01 1.626003e-01
1.439233e-01 5.135371e-11 1.896470e-01 2.405792e-01
4.033033e-01 2.154515e-10 1.877550e-01 1.942724e-01
1.588619e-01 1.670213e-10 2.172542e-01 2.157588e-01
2.121804e-01 1.096966e-10 1.761078e-01 2.082606e-01
6.584463e-01 2.587286e-10 1.982835e-01 1.905070e-01
9.639545e-01 3.709030e-10 2.285361e-01 2.098004e-01
3.008265e-01 1.655407e-10 1.634462e-01 1.574462e-01
4.150658e-01 1.913258e-10 2.082829e-01 2.116436e-01
1.402867e-01 9.660152e-11 2.415909e-01 2.412754e-01
2.875388e-01 1.459464e-10 1.820676e-01 2.096549e-01
2.093099e-01 1.216196e-10 1.685123e-01 1.745316e-01
2.143211e-01 1.585274e-10 2.140607e-01 1.914497e-01
1.653686e-01 1.126159e-10 1.943981e-01 1.902604e-01
2.607892e-01 1.723166e-10 1.863149e-01 1.878109e-01
3.073664e-01 2.038642e-10 1.805291e-01 1.749730e-01
3.098472e-01 3.211081e-10 2.216476e-01 1.864824e-01
5.555932e-01 4.414614e-10 2.275930e-01 2.171060e-01
2.867703e+00 4.969774e-10 2.009261e-01 1.835790e-01
1.176971e-01 1.397902e-10 2.855687e-01 2.340670e-01
2.444098e-01 1.514407e-10 2.300952e-01 2.752497e-01
1.327008e-01 1.394726e-10 3.120124e-01 2.119322e-01
2.843423e-01 1.314183e-10 1.713027e-01 1.850780e-01
2.148177e+00 3.320615e-10 2.192149e-01 2.010732e-01
9.082083e-01 5.714403e-10 2.794757e-01 2.764035e-01
4.467432e-01 2.024280e-10 1.787823e-01 1.848986e-01
6.151570e-01 2.046857e-10 1.885828e-01 1.832510e-01
3.143559e-01 1.542755e-10 1.690376e-01 1.743454e-01
2.668111e-01 1.620517e-10 1.832863e-01 1.758284e-01
1.047378e+00 8.115970e-10 2.707656e-01 2.673778e-01
4.897770e-01 2.885589e-10 1.987362e-01 1.941758e-01
4.247279e-01 3.783247e-10 2.493988e-01 2.033687e-01
6.509569e-01 2.695356e-10 2.302262e-01 2.194343e-01
9.018347e-01 6.210238e-10 2.716252e-01 2.621611e-01
1.788253e-01 1.255301e-10 1.851101e-01 1.861742e-01
2.127943e-01 1.416328e-10 2.376618e-01 2.257716e-01
2.476318e-01 1.696771e-10 2.336440e-01 2.379118e-01
6.081474e-01 2.840841e-10 1.839576e-01 1.690044e-01
2.597790e-01 1.251829e-10 1.768515e-01 2.012623e-01
1.161114e+00 6.358485e-10 2.477342e-01 2.416479e-01
2.819461e-01 1.917572e-10 1.854110e-01 1.825078e-01
3.586952e-01 2.514502e-10 1.965068e-01 1.915661e-01
1.479533e+00 3.500343e-10 2.125142e-01 2.032786e-01
1.152691e-01 7.530442e-11 1.914061e-01 2.082460e-01
2.569732e-01 2.303855e-10 2.120669e-01 2.201506e-01
4.000915e-01 4.601201e-10 3.269820e-01 3.238260e-01
3.082930e-01 2.123179e-10 1.925486e-01 1.664761e-01
5.969043e-01 4.600075e-10 2.718121e-01 2.823310e-01
1.346277e-01 1.025498e-10 1.879405e-01 1.797266e-01
7.371501e-01 3.468896e-10 2.149072e-01 1.908211e-01
4.890207e-01 2.728437e-10 2.389831e-01 1.944834e-01
6.513181e-01 1.940357e-10 1.841663e-01 1.733018e-01
5.534593e-01 2.176436e-10 1.970440e-01 2.039757e-01
8.249838e-02 5.159865e-11 1.823568e-01 1.943837e-01
3.031746e-01 1.948620e-10 1.747527e-01 1.408891e-01
3.605787e-01 2.726740e-10 2.076515e-01 1.855089e-01
3.688289e-01 1.433607e-10 1.888822e-01 2.010314e-01
1.749798e-01 9.830155e-11 1.714190e-01 1.836279e-01
2.372495e-01 1.843525e-10 2.352921e-01 2.498255e-01
2.856552e-01 4.401093e-10 3.151089e-01 2.480648e-01
1.536023e-01 1.269342e-10 2.710920e-01 2.422770e-01
4.913164e-02 3.083809e-11 1.904364e-01 2.188167e-01
1.967933e-01 1.366335e-10 1.649694e-01 1.696539e-01
1.268403e+00 5.494234e-10 2.405146e-01 2.136236e-01
5.208519e-01 2.956201e-10 2.140501e-01 2.162642e-01
4.461974e-01 1.735637e-10 1.734770e-01 1.745939e-01
6.624478e-01 3.571148e-10 2.295592e-01 2.161894e-01
4.289828e-01 3.203155e-10 2.755912e-01 2.731826e-01
5.274889e-01 3.331851e-10 2.238774e-01 2.068265e-01
4.686046e-01 2.511441e-10 2.422266e-01 2.250521e-01
1.651482e-01 1.151859e-10 2.021690e-01 2.138699e-01
8.466331e-01 4.062939e-10 2.096759e-01 2.036614e-01
3.575048e-01 1.469675e-10 1.814387e-01 2.106306e-01
1.781313e-01 1.125613e-10 1.786414e-01 1.740571e-01
2.160965e-01 1.919252e-10 2.331521e-01 2.282484e-01
1.789008e-01 1.162429e-10 1.935757e-01 2.124702e-01
9.454570e-01 4.747947e-10 2.457900e-01 2.125858e-01
1.041552e+00 5.292014e-10 2.280294e-01 1.778804e-01
3.079807e-01 1.895912e-10 2.693713e-01 2.679164e-01
1.593621e-01 1.041497e-10 1.754583e-01 1.899331e-01
3.136823e-01 2.785419e-10 2.480478e-01 2.044566e-01
8.665763e-01 5.020895e-10 2.482622e-01 2.529114e-01
9.412602e-02 5.113140e-11 1.653998e-01 1.852622e-01
8.195733e-01 2.519775e-10 2.027381e-01 1.797372e-01
3.987346e-01 1.844366e-10 2.010071e-01 2.210788e-01
1.142743e-01 1.757631e-10 3.861211e-01 3.324565e-01
1.676574e-01 1.296624e-10 1.899043e-01 2.047170e-01
3.472297e-01 4.136053e-10 2.546370e-01 2.209176e-01
2.055845e+00 6.729607e-10 2.550119e-01 2.457275e-01
4.903079e-01 2.183354e-10 1.781038e-01 1.769764e-01
2.626369e-01 2.729047e-10 2.997590e-01 3.025912e-01
9.975054e-02 9.500536e-11 2.219267e-01 1.959364e-01
1.747835e+00 5.412368e-10 2.233534e-01 1.938122e-01
1.692323e+00 3.975985e-10 2.135145e-01 1.851963e-01
5.571654e-01 5.811708e-10 2.653900e-01 2.685874e-01
6.747900e-01 3.499326e-10 2.129552e-01 1.867744e-01
1.762601e+00 6.857239e-10 2.384158e-01 2.235263e-01
3.521822e-01 1.479694e-10 1.730036e-01 1.880440e-01
1.781985e-01 1.249588e-10 1.856559e-01 1.872203e-01
5.728223e-01 2.835215e-10 1.938607e-01 1.753259e-01
2.145689e-01 1.995578e-10 2.573725e-01 2.566336e-01
8.453619e-01 3.161402e-10 1.927960e-01 1.595420e-01
7.070151e-01 2.150250e-10 1.963222e-01 1.929556e-01
2.703017e-01 1.839567e-10 1.987328e-01 2.155094e-01
2.188614e-01 2.258300e-10 2.563301e-01 2.282814e-01
7.501131e-01 3.048647e-10 2.095314e-01 2.058073e-01
2.912969e-01 1.766310e-10 1.976240e-01 1.895530e-01
6.526260e-01 3.962075e-10 2.635216e-01 2.693988e-01
1.601875e+00 3.151599e-10 2.020005e-01 1.867843e-01
1.467230e-01 6.627054e-11 1.969857e-01 2.404545e-01
1.050504e-01 6.313748e-11 1.813834e-01 2.016970e-01
2.295937e-01 1.409426e-10 1.983834e-01 2.073003e-01
1.566907e-01 9.437819e-11 1.701871e-01 1.743974e-01
1.487775e+00 4.249149e-10 2.284897e-01 2.209335e-01
1.557557e-01 1.323368e-10 2.110399e-01 1.813671e-01
3.356116e-01 1.715095e-10 1.919790e-01 1.983929e-01
1.415108e+00 4.765189e-10 2.287072e-01 1.910670e-01
4.538645e-01 7.475271e-10 2.571226e-01 2.136716e-01
4.269414e-01 4.100642e-10 2.248447e-01 2.303474e-01
9.475218e-02 6.953513e-11 2.011158e-01 1.955776e-01
2.771496e-01 1.413138e-10 1.802798e-01 1.877240e-01
3.553424e-01 3.168173e-10 3.048826e-01 2.562256e-01
1.699760e-01 1.622845e-10 2.287601e-01 2.330032e-01
1.079540e-01 7.863590e-11 2.540688e-01 2.214692e-01
9.468364e-01 3.249251e-10 2.213969e-01 1.943735e-01
1.283903e+00 4.267476e-10 2.195647e-01 1.888382e-01
5.225202e-02 3.591394e-11 1.829608e-01 2.049169e-01
4.998318e-01 2.834658e-10 1.967186e-01 1.893377e-01
4.605993e-01 3.112375e-10 2.468672e-01 2.535906e-01
1.204237e-01 4.427185e-11 1.592603e-01 1.875988e-01
2.558620e-01 2.014793e-10 2.326363e-01 2.463932e-01
3.242512e-01 2.511439e-10 1.998179e-01 1.982015e-01
6.203249e-01 2.918948e-10 2.709164e-01 2.622539e-01
5.534323e-01 2.510178e-10 1.853041e-01 1.948716e-01
4.404665e-01 2.116584e-10 2.202779e-01 2.257083e-01
2.553777e-01 1.646221e-10 2.210200e-01 2.064577e-01
1.697388e-01 1.489794e-10 2.438447e-01 2.009271e-01
5.959672e-01 1.894330e-10 1.959956e-01 1.850887e-01
2.183117e-01 2.052512e-10 2.237457e-01 1.775681e-01
4.019707e-01 2.893658e-10 2.171846e-01 1.897354e-01
1.128805e-01 8.604156e-11 1.943403e-01 1.948179e-01
1.528430e-01 5.955724e-11 1.726824e-01 2.095707e-01
1.607733e-01 1.045106e-10 1.696911e-01 1.795450e-01
1.082257e-01 6.387602e-11 1.787477e-01 2.110054e-01
1.856958e-01 1.776777e-10 2.216908e-01 1.873254e-01
7.241614e-02 2.869548e-11 1.743151e-01 2.091233e-01
2.250341e-01 1.480297e-10 2.386628e-01 2.078471e-01
3.568696e+00 4.726931e-10 2.127065e-01 1.960036e-01
2.226271e-01 2.385805e-10 2.652895e-01 2.350548e-01
5.483658e-01 1.747342e-10 1.953345e-01 2.062259e-01
1.492048e-01 7.088403e-11 1.809192e-01 1.943289e-01
6.883938e-01 2.398815e-10 1.912972e-01 1.773972e-01
2.428652e-01 2.153200e-10 2.787750e-01 2.828539e-01
4.266087e-01 1.573522e-10 1.864063e-01 1.933578e-01
8.233198e-01 2.876951e-10 2.033886e-01 1.876572e-01
8.027827e-01 3.730896e-10 2.122441e-01 1.941159e-01
2.368984e-01 1.898997e-10 2.356669e-01 2.355899e-01
1.232883e-01 8.555613e-11 1.753226e-01 1.955764e-01
1.056530e-01 6.390593e-11 1.890141e-01 2.067455e-01
7.966800e-01 4.064260e-10 2.728669e-01 2.702710e-01
4.866939e-01 2.755253e-10 1.944416e-01 1.825289e-01
6.025419e-01 2.976297e-10 2.560913e-01 2.273299e-01
3.407217e-01 2.905925e-10 2.475555e-01 2.560505e-01
1.593604e-01 1.102917e-10 1.875917e-01 2.051409e-01
4.715142e-01 2.505370e-10 2.161627e-01 2.031839e-01
3.341996e-01 1.112528e-10 1.648717e-01 1.708971e-01
1.601014e+00 6.735827e-10 2.641511e-01 2.466436e-01
3.040301e-01 2.333218e-10 2.174429e-01 1.927758e-01
1.479279e-01 1.117065e-10 1.982441e-01 2.201827e-01
2.210161e-01 2.275121e-10 2.754884e-01 2.661434e-01
1.435949e-01 1.363621e-10 2.671116e-01 2.194137e-01
3.556534e-01 2.012274e-10 1.909195e-01 1.875915e-01
1.078353e-01 7.898328e-11 1.737703e-01 1.574871e-01
2.581615e-01 1.505314e-10 1.883128e-01 2.092135e-01
6.856716e-01 2.463129e-10 2.147623e-01 2.038880e-01
1.128376e-01 5.971632e-11 1.825579e-01 1.937585e-01
6.668038e-01 6.901530e-10 2.570615e-01 2.412607e-01
6.214194e-01 3.136058e-10 1.940224e-01 1.697749e-01
1.753798e-01 6.075859e-11 1.624164e-01 1.983679e-01
5.753608e-01 2.684660e-10 2.252372e-01 2.247895e-01
2.205292e-01 1.658292e-10 1.959864e-01 2.085437e-01
2.141231e-01 2.131674e-10 2.271530e-01 2.222261e-01
4.483738e-01 2.700626e-10 2.146689e-01 1.837085e-01
2.213160e-01 1.581557e-10 2.089075e-01 2.003048e-01
1.371921e-01 1.124623e-10 2.210742e-01 2.192108e-01
2.610731e+00 1.227059e-09 2.037998e-01 1.907524e-01
2.943276e-01 3.369393e-10 2.677228e-01 2.171036e-01
4.597530e-01 2.630761e-10 1.854773e-01 1.819568e-01
2.144244e-01 1.234021e-10 1.852474e-01 1.931643e-01
2.739112e-01 3.656727e-10 2.941274e-01 2.867534e-01
1.473481e-01 1.022889e-10 2.523360e-01 2.407593e-01
6.556714e-01 2.239868e-10 1.898939e-01 1.702063e-01
3.485908e-01 2.625072e-10 2.372115e-01 2.478362e-01
3.821045e-01 4.832429e-10 2.630280e-01 2.482502e-01
2.699436e-01 2.103790e-10 2.042563e-01 2.088743e-01
6.151494e-01 2.857989e-10 2.210170e-01 1.890733e-01
2.276370e-01 1.951037e-10 1.911467e-01 1.748297e-01
1.840282e-01 9.790145e-11 1.708665e-01 1.761904e-01
4.498340e-01 1.440649e-10 1.716334e-01 1.810269e-01
3.217916e+00 1.501773e-09 2.680571e-01 2.677866e-01
6.050565e-01 6.446279e-10 3.645022e-01 3.432812e-01
5.972210e-01 2.318517e-10 1.876672e-01 1.582802e-01
3.046958e-01 2.610585e-10 2.084529e-01 1.935382e-01
3.055848e-01 1.474215e-10 1.940359e-01 2.129800e-01
3.873014e-01 3.185670e-10 2.881447e-01 3.059045e-01
1.805549e-01 1.773921e-10 2.502457e-01 2.570508e-01
1.144532e+00 7.896053e-10 2.556944e-01 2.308505e-01
5.436383e-01 2.962298e-10 1.919992e-01 1.869140e-01
4.921565e-01 2.071790e-10 1.814240e-01 1.837386e-01
3.166175e-01 2.061990e-10 1.717608e-01 1.697946e-01
5.187067e-01 2.428755e-10 2.049031e-01 1.921443e-01
3.835229e-01 1.757914e-10 1.631488e-01 1.652128e-01
3.754079e-01 3.515293e-10 2.574487e-01 2.772670e-01
1.091932e-01 6.710166e-11 1.857519e-01 1.795567e-01
1.647085e+00 3.210908e-10 2.071784e-01 1.816936e-01
1.855744e+00 3.777816e-10 1.944118e-01 1.770651e-01
8.146387e-01 2.558706e-10 1.920210e-01 1.682255e-01
1.676135e-01 1.024755e-10 1.762716e-01 1.809988e-01
2.656348e-01 1.382093e-10 1.772923e-01 1.727932e-01
2.629804e-01 1.605448e-10 1.791093e-01 1.826970e-01
4.591923e-01 2.152860e-10 1.920966e-01 1.889130e-01
3.026450e-01 1.757238e-10 1.918046e-01 1.878544e-01
2.264965e-01 1.708610e-10 2.330823e-01 2.474827e-01
1.100235e-01 6.414051e-11 2.170174e-01 2.540647e-01
2.234105e-01 1.312284e-10 2.395543e-01 2.588452e-01
7.926705e-02 3.188224e-11 1.620595e-01 1.933390e-01
5.319866e-01 4.230922e-10 2.964812e-01 3.137769e-01
2.202921e+00 8.792241e-10 2.497724e-01 2.031495e-01
1.482967e+00 8.616547e-10 2.944273e-01 2.564863e-01
3.893871e-01 2.070159e-10 2.066212e-01 2.385754e-01
1.718659e-01 1.176007e-10 1.832493e-01 2.001254e-01
3.326419e-01 2.187688e-10 1.918313e-01 2.025182e-01
3.755614e-01 2.613626e-10 1.922924e-01 1.862665e-01
7.635909e-01 2.999790e-10 1.929523e-01 1.699529e-01
1.771896e+00 5.932205e-10 2.352832e-01 2.310425e-01
1.865973e+00 1.677725e-09 3.472838e-01 3.270397e-01
1.164581e+00 5.907497e-10 2.735653e-01 2.526333e-01
2.477016e-01 6.714065e-11 1.570120e-01 1.848386e-01
3.993019e-01 2.673748e-10 2.154493e-01 2.053346e-01
3.184283e-01 3.174880e-10 2.310621e-01 2.426771e-01
1.458064e-01 1.082623e-10 1.976509e-01 2.006980e-01
5.854680e-01 3.139285e-10 1.898315e-01 1.726883e-01
6.278431e-02 3.414135e-11 1.728593e-01 2.012853e-01
3.326506e-01 4.500124e-10 2.867792e-01 2.775781e-01
3.929342e-01 2.376832e-10 1.996405e-01 1.879468e-01
6.919276e-01 3.885957e-10 2.437688e-01 2.364238e-01
7.547558e-02 4.741495e-11 2.077119e-01 2.261734e-01
1.541182e-01 1.124219e-10 2.244620e-01 2.125282e-01
1.924522e-01 1.193527e-10 1.925105e-01 1.930817e-01
1.974847e-01 1.509523e-10 1.844777e-01 2.007588e-01
4.504581e-01 2.065651e-10 1.846134e-01 1.819537e-01
4.789897e-01 2.668009e-10 2.085464e-01 2.011458e-01
3.184259e-01 1.706536e-10 2.145936e-01 2.104856e-01
2.873726e-01 2.903348e-10 2.828770e-01 2.394696e-01
4.728567e-01 2.365845e-10 1.936292e-01 1.869722e-01
5.205156e-01 2.359343e-10 2.197451e-01 1.980282e-01
1.362682e+00 6.077261e-10 2.488178e-01 2.227656e-01
9.535848e-01 8.183172e-10 2.937355e-01 2.522917e-01
1.330362e-01 1.040437e-10 2.190699e-01 2.095649e-01
2.877702e-01 2.258695e-10 2.665976e-01 2.313358e-01
5.897103e-01 2.409773e-10 1.974550e-01 1.963042e-01
1.390679e-01 1.234637e-10 2.169340e-01 2.186842e-01
2.999743e-01 1.530457e-10 1.693707e-01 1.695809e-01
5.943631e-01 2.721720e-10 2.045498e-01 1.819560e-01
2.258486e-01 1.596393e-10 2.000617e-01 2.220240e-01
3.403798e-01 2.314764e-10 1.690749e-01 1.629350e-01
1.604344e+00 5.045017e-10 2.198693e-01 1.912898e-01
1.140124e-01 4.255588e-11 1.859964e-01 2.297201e-01
2.148567e-01 1.413103e-10 2.187485e-01 2.144607e-01
1.563224e-01 1.241775e-10 1.951619e-01 1.850742e-01
1.835096e-01 1.683799e-10 2.423690e-01 2.333336e-01
1.917492e-01 1.293949e-10 2.150179e-01 2.471501e-01
8.834594e-01 4.252713e-10 2.480840e-01 2.447464e-01
4.019594e-01 3.157037e-10 2.716246e-01 2.901003e-01
1.130130e-01 9.005046e-11 1.998858e-01 1.918326e-01
3.037382e-01 2.315661e-10 2.137042e-01 2.185983e-01
1.323988e-01 1.082752e-10 2.103911e-01 2.158499e-01
3.757901e-01 1.865186e-10 1.998330e-01 1.824709e-01
1.130829e-01 6.177449e-11 1.736027e-01 1.908064e-01
3.249676e-01 1.511381e-10 1.825564e-01 1.902770e-01
1.529832e-01 1.036624e-10 2.019243e-01 2.386083e-01
8.013351e-02 5.613610e-11 1.833639e-01 1.829366e-01
4.364899e-01 3.080762e-10 2.259773e-01 2.282889e-01
2.562671e-01 1.860920e-10 2.110113e-01 1.906399e-01
2.583766e-01 1.409713e-10 1.734812e-01 1.619191e-01
3.151051e-01 1.690293e-10 1.615154e-01 1.563927e-01
1.518470e-01 1.252201e-10 2.114470e-01 2.380155e-01
1.209592e-01 1.041644e-10 1.921763e-01 1.910582e-01
6.450583e-01 3.216126e-10 2.221314e-01 1.855134e-01
1.097459e-01 7.447548e-11 1.844948e-01 1.840849e-01
2.402128e-01 1.675396e-10 2.375123e-01 2.569330e-01
2.318170e-01 1.773947e-10 1.930739e-01 1.770103e-01
2.537208e-01 1.955891e-10 2.199906e-01 2.266640e-01
3.661826e-01 1.804479e-10 1.904047e-01 2.033406e-01
5.740246e-01 3.059011e-10 2.233667e-01 1.967758e-01
4.851866e-01 3.329520e-10 2.736879e-01 2.255463e-01
3.812567e-01 2.114902e-10 1.712145e-01 1.592679e-01
8.206874e-01 3.109580e-10 1.855740e-01 1.659323e-01
2.334323e-01 1.708125e-10 2.396674e-01 1.996949e-01
4.074769e-01 2.239145e-10 2.035715e-01 1.913090e-01
4.363804e-01 2.857939e-10 2.408777e-01 2.104046e-01
3.309564e-01 5.136077e-10 3.316029e-01 3.051971e-01
1.617052e-01 1.290082e-10 2.041271e-01 2.071440e-01
4.968311e-01 2.472202e-10 2.084444e-01 2.022862e-01
5.337708e-01 3.698576e-10 2.625583e-01 2.527820e-01
1.984185e-01 1.170384e-10 1.968296e-01 2.366968e-01
1.392661e-01 1.175884e-10 2.067237e-01 2.021078e-01
7.900096e-01 4.290868e-10 2.384389e-01 2.168785e-01
8.979855e-01 5.829324e-10 2.602922e-01 2.293188e-01
3.806894e-01 1.338083e-10 1.745006e-01 1.829301e-01
7.616383e-01 4.206372e-10 2.439588e-01 2.214532e-01
4.796769e-01 2.787522e-10 2.241018e-01 2.100128e-01
8.251710e-01 2.085607e-10 1.873026e-01 1.888254e-01
2.850899e-01 1.569404e-10 1.819294e-01 1.788897e-01
5.037278e-01 2.316719e-10 1.995034e-01 1.961269e-01
1.365502e-01 1.538625e-10 2.580518e-01 2.016081e-01
1.641853e-01 1.930127e-10 2.404427e-01 2.375861e-01
8.121750e-02 7.170989e-11 2.178591e-01 2.158379e-01
3.822006e-01 1.960773e-10 2.108969e-01 2.400868e-01
2.006347e-01 3.079935e-10 2.858672e-01 2.716494e-01
1.274329e-01 1.096648e-10 2.513323e-01 2.073824e-01
3.407703e+00 1.746650e-09 2.875756e-01 2.639489e-01
2.608634e-01 1.471814e-10 1.739356e-01 1.745293e-01
2.303614e-01 1.044864e-10 2.201975e-01 2.130003e-01
4.954265e-01 2.686446e-10 2.283829e-01 2.332565e-01
1.185278e+00 6.403779e-10 3.096449e-01 2.822478e-01
9.025761e-01 4.083856e-10 2.534348e-01 2.411634e-01
3.021152e-01 1.272629e-10 1.693095e-01 1.803194e-01
7.767586e-02 9.788009e-11 2.152466e-01 1.724583e-01
1.658732e+00 8.589558e-10 3.029256e-01 2.523065e-01
2.002499e-01 1.431520e-10 1.912509e-01 1.918231e-01
3.696880e-01 2.922123e-10 2.306143e-01 2.122426e-01
3.824466e-01 1.763145e-10 2.084212e-01 2.006758e-01
2.678648e+00 6.606433e-10 2.256344e-01 2.198224e-01
1.343465e-01 9.816850e-11 2.037614e-01 2.366079e-01
4.463277e-01 2.473201e-10 1.982659e-01 2.203655e-01
1.181038e-01 6.879963e-11 1.850085e-01 2.050331e-01
1.810994e-01 1.369858e-10 2.561654e-01 2.458496e-01
8.033985e-01 6.392954e-10 3.094944e-01 3.209310e-01
2.676859e-01 1.310278e-10 1.754051e-01 1.754877e-01
4.036789e-01 1.711079e-10 1.780481e-01 1.741684e-01
2.933622e-01 2.607457e-10 2.254412e-01 2.114176e-01
2.880281e-01 2.109128e-10 2.000274e-01 1.871666e-01
2.591623e-01 2.126559e-10 2.525148e-01 2.143355e-01
3.032502e-01 1.988180e-10 2.246380e-01 2.121201e-01
1.249152e+00 8.210005e-10 2.946583e-01 2.901740e-01
1.715869e+00 5.188796e-10 2.368176e-01 2.130606e-01
7.462612e-02 5.661780e-11 1.935272e-01 1.910480e-01
5.164971e-01 2.447028e-10 2.155006e-01 2.240426e-01
1.451741e+00 5.770185e-10 2.524102e-01 2.392522e-01
2.480352e-01 2.103114e-10 2.515812e-01 2.653618e-01
3.372000e-01 1.853323e-10 2.002547e-01 2.135503e-01
2.533619e-01 2.271004e-10 2.277134e-01 2.244474e-01
4.149567e-01 1.633493e-10 1.793876e-01 1.915413e-01
1.409941e-01 6.590630e-11 1.664887e-01 1.879062e-01
9.590990e-02 1.007630e-10 2.355455e-01 2.074090e-01
2.184617e-01 1.468321e-10 2.084516e-01 2.284612e-01
7.331432e-01 3.799860e-10 2.094497e-01 1.854690e-01
2.289269e-01 2.014699e-10 2.730750e-01 2.232635e-01
2.253254e-01 1.661441e-10 2.919406e-01 2.781732e-01
3.182220e-01 2.023215e-10 1.835946e-01 1.889696e-01
1.892953e-01 2.067965e-10 1.978764e-01 1.775327e-01
3.635208e-01 1.714189e-10 1.735539e-01 1.706368e-01
1.408016e-01 8.441841e-11 1.773293e-01 1.945426e-01
1.805476e+00 7.363870e-10 2.561038e-01 2.536197e-01
1.942484e-01 1.222744e-10 1.775388e-01 1.826145e-01
2.658989e-01 2.160844e-10 1.840847e-01 1.734528e-01
4.954390e-01 2.737900e-10 1.915422e-01 1.799222e-01
1.082066e-01 8.063637e-11 1.929432e-01 1.981452e-01
1.777720e-01 1.109754e-10 1.735483e-01 1.780756e-01
3.614098e-01 2.462341e-10 2.325442e-01 2.439510e-01
2.994009e-01 1.015019e-10 1.714117e-01 1.990146e-01
4.381471e-01 2.719079e-10 1.847212e-01 1.779512e-01
3.627525e-01 2.928670e-10 2.344324e-01 1.923338e-01
1.707082e-01 2.019405e-10 2.709859e-01 2.962070e-01
5.092366e-01 2.605707e-10 1.973657e-01 1.843490e-01
2.888311e-01 1.677432e-10 2.041147e-01 2.026347e-01
2.877932e-01 2.606590e-10 2.383252e-01 2.216556e-01
3.497087e-01 2.107467e-10 1.801739e-01 1.763670e-01
1.281101e-01 8.324077e-11 1.825618e-01 2.066759e-01
3.259684e-01 2.124131e-10 1.956635e-01 1.743796e-01
1.149046e-01 9.728719e-11 2.116463e-01 1.958528e-01
9.566770e-01 7.288231e-10 2.786772e-01 2.217924e-01
1.205336e+00 8.577338e-10 3.268412e-01 2.854940e-01
1.003400e-01 4.989581e-11 1.757120e-01 1.948772e-01
8.309448e-01 2.930130e-10 1.883951e-01 1.816565e-01
1.878773e-01 1.445072e-10 2.302481e-01 2.558588e-01
6.728509e-01 5.167167e-10 2.547506e-01 2.308170e-01
2.070710e+00 5.277955e-10 2.212276e-01 2.036144e-01
5.899141e-01 3.072280e-10 1.968535e-01 1.931287e-01
1.145817e-01 9.075872e-11 1.946919e-01 1.811453e-01
6.646006e-01 2.808600e-10 2.087409e-01 1.910730e-01
1.851958e-01 1.582869e-10 2.135785e-01 1.999727e-01
2.664325e-01 1.604774e-10 1.918217e-01 1.954816e-01
4.998747e-01 5.061400e-10 2.551168e-01 2.556197e-01
2.286651e+00 4.525265e-10 2.227759e-01 1.729203e-01
1.273260e-01 8.658400e-11 1.705184e-01 1.776604e-01
2.451223e-01 1.103879e-10 1.748306e-01 2.049062e-01
7.001613e-01 3.162532e-10 2.051668e-01 2.005306e-01
2.217999e-01 1.754951e-10 2.365610e-01 2.063634e-01
4.003894e-01 1.278770e-10 1.711746e-01 1.666132e-01
2.391251e-01 1.484637e-10 2.055841e-01 2.475934e-01
1.110815e+00 6.033000e-10 2.669414e-01 2.670517e-01
2.257957e-01 1.968542e-10 2.142811e-01 2.094563e-01
3.656461e-01 2.578848e-10 1.954602e-01 1.803649e-01
2.301526e+00 5.561103e-10 2.084211e-01 1.731893e-01
5.007861e-01 2.208050e-10 1.816058e-01 1.648004e-01
2.388490e-01 2.688724e-10 2.733745e-01 2.352527e-01
4.686888e-01 2.534721e-10 1.956080e-01 1.840377e-01
3.357150e-01 1.856742e-10 2.061335e-01 2.088647e-01
1.711728e-01 1.594366e-10 2.443641e-01 2.090875e-01
2.520631e-01 1.586934e-10 1.913632e-01 1.891864e-01
2.539049e-01 1.705752e-10 2.079885e-01 1.707385e-01
2.417900e-01 2.301268e-10 2.037179e-01 2.107287e-01
1.708074e+00 8.629841e-10 2.869967e-01 2.441522e-01
4.792408e-01 2.475143e-10 2.283609e-01 2.179292e-01
1.609574e-01 1.595101e-10 2.677886e-01 2.866102e-01
3.263938e-01 2.566695e-10 2.308013e-01 2.380178e-01
1.575921e-01 1.580736e-10 2.486232e-01 2.101348e-01
8.639113e-01 3.522975e-10 2.442938e-01 2.187169e-01
3.732226e-01 2.061582e-10 1.884851e-01 1.686331e-01
1.948383e+00 4.300895e-10 2.255071e-01 2.072183e-01
5.440199e-01 3.427462e-10 2.691504e-01 2.805022e-01
5.407065e-01 4.263873e-10 2.551734e-01 2.125891e-01
6.610726e-02 6.891887e-11 2.295622e-01 2.042382e-01
2.555489e-01 1.444130e-10 2.072665e-01 2.509405e-01
2.356640e-01 1.099777e-10 1.699341e-01 1.738681e-01
7.760186e-01 2.788462e-10 1.933829e-01 1.688956e-01
1.604332e-01 1.066030e-10 1.849625e-01 1.989463e-01
2.741206e-01 1.217360e-10 1.698612e-01 1.902200e-01
1.608038e-01 9.169820e-11 1.746903e-01 1.840396e-01
1.286813e-01 2.006266e-10 2.912564e-01 2.654507e-01
3.099133e-01 2.268018e-10 2.036230e-01 1.946155e-01
5.807439e-01 2.350371e-10 2.034220e-01 1.849815e-01
3.834711e-01 3.407127e-10 2.385675e-01 2.454254e-01
9.433349e-01 4.824636e-10 2.717367e-01 2.537370e-01
6.022837e-01 2.683611e-10 2.102825e-01 1.941170e-01
2.583090e-01 9.496218e-11 1.622930e-01 1.731531e-01
9.207498e-02 6.079089e-11 1.925098e-01 1.910506e-01
1.653591e-01 1.296510e-10 2.145340e-01 2.237033e-01
1.339785e-01 1.098389e-10 2.004964e-01 2.090393e-01
3.700830e-01 1.858544e-10 1.898318e-01 2.079428e-01
2.360124e+00 8.325209e-10 2.442686e-01 2.263323e-01
7.813639e-01 2.187822e-10 1.923586e-01 1.729963e-01
5.129192e-01 2.243551e-10 1.784626e-01 1.601598e-01
7.252414e-01 5.212167e-10 2.600201e-01 2.361197e-01
1.770689e-01 8.464272e-11 1.776113e-01 2.065549e-01
3.000555e-01 1.857773e-10 2.106955e-01 2.123234e-01
2.151548e-01 1.065301e-10 1.560655e-01 1.688573e-01
2.602611e-01 1.049717e-10 1.623821e-01 1.745554e-01
1.309551e-01 7.683078e-11 1.802773e-01 1.845581e-01
4.246517e-02 3.099159e-11 1.710161e-01 1.646229e-01
3.866784e-01 2.858947e-10 2.201473e-01 2.121203e-01
3.551636e-02 3.488755e-11 1.971627e-01 1.845350e-01
3.814451e-01 2.529368e-10 1.814111e-01 1.762249e-01
1.272270e+00 4.252007e-10 2.158248e-01 2.299443e-01
1.992716e-01 8.571566e-11 1.714345e-01 1.806381e-01
3.640506e-01 1.568327e-10 1.917684e-01 1.865777e-01
8.024833e-01 3.038231e-10 2.208181e-01 2.049200e-01
4.596459e-01 3.993791e-10 2.791412e-01 2.474323e-01
4.179601e-01 2.043131e-10 1.837772e-01 1.857741e-01
1.734300e+00 3.228019e-10 2.236628e-01 2.162196e-01
2.600445e-01 1.117189e-10 1.606567e-01 1.624818e-01
3.112665e-01 2.144114e-10 2.013337e-01 1.923625e-01
2.810828e-01 1.819282e-10 1.782214e-01 1.826116e-01
6.375954e-01 2.395076e-10 1.879604e-01 1.707301e-01
5.553870e-01 3.007033e-10 1.986961e-01 1.673039e-01
2.632647e-01 1.560615e-10 1.800933e-01 1.757694e-01
3.937560e-01 2.251328e-10 1.790532e-01 1.502986e-01
5.214675e-01 3.899519e-10 2.251946e-01 2.120771e-01
7.578458e-01 5.955108e-10 2.992578e-01 2.654467e-01
3.696271e-01 1.565563e-10 1.721910e-01 1.832474e-01
1.253936e-01 1.020057e-10 2.056733e-01 1.965708e-01
8.104764e-01 3.466804e-10 2.170607e-01 1.969842e-01
3.891707e-01 1.264116e-10 1.803696e-01 1.723792e-01
5.934911e-01 3.957715e-10 2.510001e-01 2.483245e-01
5.483407e-01 2.511327e-10 1.739041e-01 1.571047e-01
1.652610e-01 1.196666e-10 2.138695e-01 2.199019e-01
3.658913e-01 1.676250e-10 1.860473e-01 2.027301e-01
1.533383e-01 1.019910e-10 1.984468e-01 2.005827e-01
7.349290e-01 5.543531e-10 2.805783e-01 2.608818e-01
8.739260e-01 2.377601e-10 1.880512e-01 1.718850e-01
1.521764e-01 1.342064e-10 2.057190e-01 2.162216e-01
1.560816e-01 1.160975e-10 1.968990e-01 1.793677e-01
4.470621e-01 1.354902e-10 1.706276e-01 1.570787e-01
2.216918e-01 1.975881e-10 2.385718e-01 1.928757e-01
9.730238e-01 2.853139e-10 1.888346e-01 1.687078e-01
2.264191e-01 1.997943e-10 2.358168e-01 2.586715e-01
7.889816e-01 7.338591e-10 4.007271e-01 3.939444e-01
4.578389e-01 2.247778e-10 1.952125e-01 1.937001e-01
1.239240e-01 1.138226e-10 2.059147e-01 1.673639e-01
5.261872e-01 1.553758e-10 1.738592e-01 1.572801e-01
3.253070e-01 2.107436e-10 2.084255e-01 2.157718e-01
4.100817e-01 1.722664e-10 1.789139e-01 1.757005e-01
4.008410e-01 2.362814e-10 1.808671e-01 1.850103e-01
3.083563e-01 3.329020e-10 2.414622e-01 2.129960e-01
8.535759e-01 5.341920e-10 2.471444e-01 2.040781e-01
3.586690e-01 1.775777e-10 1.823771e-01 1.908151e-01
8.868553e-01 2.682038e-10 1.916440e-01 1.750024e-01
1.887695e-01 1.178980e-10 1.763367e-01 1.818019e-01
2.970373e-01 1.597624e-10 1.901357e-01 1.953273e-01
6.776717e-01 3.083759e-10 2.361117e-01 2.234692e-01
5.489596e-01 2.333692e-10 1.930177e-01 1.786604e-01
6.252625e-01 4.225408e-10 2.276734e-01 2.071093e-01
2.655803e-01 1.565715e-10 2.312358e-01 1.961515e-01
1.336317e-01 8.488338e-11 1.956453e-01 2.084502e-01
2.621728e-01 1.634247e-10 2.014087e-01 1.896693e-01
1.436619e-01 1.410367e-10 2.111832e-01 2.105913e-01
1.324818e+00 7.645740e-10 2.644715e-01 2.608978e-01
4.278669e-01 1.899396e-10 1.968042e-01 2.052152e-01
1.156306e-01 9.977123e-11 2.033481e-01 2.203148e-01
1.528074e-01 1.547056e-10 2.137488e-01 1.981140e-01
2.545726e-01 2.071008e-10 2.559246e-01 2.214538e-01
2.543873e-01 1.824941e-10 2.007159e-01 2.039079e-01
1.613139e-01 1.404048e-10 2.095927e-01 2.022715e-01
3.256017e-01 1.913883e-10 2.392914e-01 2.389593e-01
1.964120e-01 1.954285e-10 2.180605e-01 2.040568e-01
2.576458e-01 1.255313e-10 1.906872e-01 2.192227e-01
6.144444e-01 3.407238e-10 1.993590e-01 1.817148e-01
5.427983e-01 2.818889e-10 1.990598e-01 2.126597e-01
1.294856e+00 4.983617e-10 2.476602e-01 2.212164e-01
3.258833e-01 2.071923e-10 2.078366e-01 2.135239e-01
1.131156e-01 7.249730e-11 1.795216e-01 1.910616e-01
6.096284e-01 5.354442e-10 2.963170e-01 2.935657e-01
1.864335e-01 1.754996e-10 2.197033e-01 2.087511e-01
2.242837e-01 1.216812e-10 1.686721e-01 1.842404e-01
5.198514e-01 3.063735e-10 2.179667e-01 1.963940e-01
2.971500e-01 1.752196e-10 1.925768e-01 1.756445e-01
4.130717e-01 2.590760e-10 1.837539e-01 1.776293e-01
1.820806e-01 8.475809e-11 1.874225e-01 1.983270e-01
6.413050e-01 6.580932e-10 2.742414e-01 2.387489e-01
5.812661e-01 2.918511e-10 1.927978e-01 1.788272e-01
7.610118e-01 2.319317e-10 1.871536e-01 1.686930e-01
1.337725e-01 9.579001e-11 1.749431e-01 1.926330e-01
3.849589e-01 1.124847e-10 1.738115e-01 1.954012e-01
1.385520e-01 1.099687e-10 1.887345e-01 1.638474e-01
6.985238e-01 7.652319e-10 3.448719e-01 3.156572e-01
1.319284e-01 5.960262e-11 1.584549e-01 1.709257e-01
4.871670e-01 1.875107e-10 2.250674e-01 2.329214e-01
5.030620e-01 2.632677e-10 2.129674e-01 2.296800e-01
1.092707e-01 4.864305e-11 1.655251e-01 1.868186e-01
5.408857e-01 2.016770e-10 1.899111e-01 1.956944e-01
8.886846e-01 4.245836e-10 2.429941e-01 2.127043e-01
3.794104e-01 3.411087e-10 2.597952e-01 2.365990e-01
3.432523e-01 2.316750e-10 2.020265e-01 1.821180e-01
2.680264e-01 1.879166e-10 1.957509e-01 1.969418e-01
6.810676e-01 4.926415e-10 2.676932e-01 2.463363e-01
1.824031e-01 1.665719e-10 2.309920e-01 2.589751e-01
8.029310e-01 3.123338e-10 1.956397e-01 1.820810e-01
3.280515e-01 1.326432e-10 1.932530e-01 2.060375e-01
3.392973e-01 3.097055e-10 2.230060e-01 2.247023e-01
1.977176e-01 1.451565e-10 1.873703e-01 2.023650e-01
5.158209e-01 2.465773e-10 1.959977e-01 1.723370e-01
1.750512e-01 2.823933e-10 2.754128e-01 2.483927e-01
2.857538e-01 2.403343e-10 2.341403e-01 2.328517e-01
2.945943e-01 1.184557e-10 1.651390e-01 1.650431e-01
2.977229e-01 2.695629e-10 2.250603e-01 2.351084e-01
2.253668e-01 2.243343e-10 2.168499e-01 1.982474e-01
1.480923e+00 3.372248e-10 1.992092e-01 1.693759e-01
2.465913e-01 9.804383e-11 1.634374e-01 1.845432e-01
3.968817e-01 2.174565e-10 2.396318e-01 2.049287e-01
7.306967e-01 3.946144e-10 2.676703e-01 2.494249e-01
3.352298e-01 1.931071e-10 1.824133e-01 1.788743e-01
1.897372e-01 1.653644e-10 2.135753e-01 1.759899e-01
1.647985e+00 3.387035e-10 1.991035e-01 1.770188e-01
4.752817e-01 2.321807e-10 1.891431e-01 1.793365e-01
1.045542e-01 6.819249e-11 1.749995e-01 1.804296e-01
1.074577e+00 2.525394e-10 1.900907e-01 1.805523e-01
3.020552e-01 1.733261e-10 1.763952e-01 1.859669e-01
2.646383e-01 1.917575e-10 1.903593e-01 1.968872e-01
1.075105e+00 7.814457e-10 2.595500e-01 2.408422e-01
1.024823e-01 8.647377e-11 2.314877e-01 2.029928e-01
8.440947e-01 4.788481e-10 2.547347e-01 2.443046e-01
1.356128e-01 6.860783e-11 1.794988e-01 2.037380e-01
2.019561e-01 1.144208e-10 1.967055e-01 1.848195e-01
1.659105e-01 7.951475e-11 1.619954e-01 1.814570e-01
1.381505e-01 8.032008e-11 1.711839e-01 1.824257e-01
3.751864e-01 2.496833e-10 2.509073e-01 2.532657e-01
3.762118e-01 2.127650e-10 1.968563e-01 2.059236e-01
1.832771e-01 1.990042e-10 2.479455e-01 2.494573e-01
8.497705e-02 4.765311e-11 1.779609e-01 1.963505e-01
3.156824e-01 2.294767e-10 2.073346e-01 1.998116e-01
